0
0,09801714032956060,0078125
0,195090322016128
0,2902846772544620,0234375
0,38268343236509
0,4713967368259980,0390625
0,555570233019602
0,6343932841636450,0546875
0,707106781186547
0,7730104533627370,0703125
0,831469612302545
0,8819212643483550,0859375
0,923879532511287
0,9569403357322090,1015625
0,98078528040323
0,9951847266721970,1171875
1
0,9951847266721970,1328125
0,98078528040323
0,9569403357322090,1484375
0,923879532511287
0,8819212643483550,1640625
0,831469612302545
0,7730104533627370,1796875
0,707106781186548
0,6343932841636450,1953125
0,555570233019602
0,4713967368259980,2109375
0,38268343236509
0,2902846772544620,2265625
0,195090322016129
0,09801714032956080,2421875
1,22460635382238E-16
-0,09801714032956060,2578125
-0,195090322016128
-0,2902846772544620,2734375
-0,38268343236509
-0,4713967368259980,2890625
-0,555570233019602
-0,6343932841636450,3046875
-0,707106781186547
-0,7730104533627370,3203125
-0,831469612302545
-0,8819212643483550,3359375
-0,923879532511287
-0,9569403357322090,3515625
-0,98078528040323
-0,9951847266721970,3671875
-1
-0,9951847266721970,3828125
-0,98078528040323
-0,9569403357322090,3984375
-0,923879532511287
-0,8819212643483550,4140625
-0,831469612302545
-0,7730104533627370,4296875
-0,707106781186548
-0,6343932841636460,4453125
-0,555570233019602
-0,4713967368259980,4609375
-0,38268343236509
-0,2902846772544630,4765625
-0,195090322016129
-0,09801714032956050,4921875
-2,44921270764475E-16
0,098017140329560,5078125
0,195090322016128
0,2902846772544620,5234375
0,38268343236509
0,4713967368259980,5390625
0,555570233019602
0,6343932841636460,5546875
0,707106781186547
0,7730104533627370,5703125
0,831469612302545
0,8819212643483550,5859375
0,923879532511287
0,9569403357322090,6015625
0,98078528040323
0,9951847266721970,6171875
1
0,9951847266721970,6328125
0,980785280403231
0,9569403357322090,6484375
0,923879532511287
0,8819212643483550,6640625
0,831469612302546
0,7730104533627380,6796875
0,707106781186548
0,6343932841636450,6953125
0,555570233019602
0,4713967368259980,7109375
0,382683432365091
0,2902846772544630,7265625
0,195090322016128
0,09801714032956060,7421875
3,67381906146713E-16
-0,09801714032955990,7578125
-0,195090322016127
-0,2902846772544630,7734375
-0,38268343236509
-0,4713967368259970,7890625
-0,555570233019602
-0,6343932841636450,8046875
-0,707106781186548
-0,7730104533627370,8203125
-0,831469612302545
-0,8819212643483550,8359375
-0,923879532511286
-0,9569403357322080,8515625
-0,980785280403231
-0,9951847266721970,8671875
-1
-0,9951847266721970,8828125
-0,980785280403231
-0,9569403357322090,8984375
-0,923879532511287
-0,8819212643483550,9140625
-0,831469612302546
-0,7730104533627380,9296875
-0,707106781186548
-0,6343932841636450,9453125
-0,555570233019602
-0,4713967368259980,9609375
-0,382683432365091
-0,2902846772544640,9765625
-0,195090322016128
-0,09801714032956080,9921875
-4,89842541528951E-16
0,09801714032955981,0078125
0,195090322016127
0,2902846772544631,0234375
0,38268343236509
0,4713967368259971,0390625
0,555570233019602
0,6343932841636451,0546875
0,707106781186548
0,7730104533627371,0703125
0,831469612302545
0,8819212643483551,0859375
0,923879532511286
0,9569403357322081,1015625
0,98078528040323
0,9951847266721971,1171875
1
0,9951847266721971,1328125
0,980785280403231
0,9569403357322091,1484375
0,923879532511287
0,8819212643483551,1640625
0,831469612302546
0,7730104533627381,1796875
0,707106781186549
0,6343932841636451,1953125
0,555570233019603
0,4713967368259981,2109375
0,382683432365091
0,2902846772544641,2265625
0,195090322016128
0,09801714032956091,2421875
6,12303176911189E-16
-0,09801714032955971,2578125
-0,195090322016127
-0,2902846772544611,2734375
-0,382683432365088
-0,4713967368259961,2890625
-0,555570233019603
-0,6343932841636461,3046875
-0,707106781186548
-0,7730104533627371,3203125
-0,831469612302545
-0,8819212643483551,3359375
-0,923879532511286
-0,9569403357322081,3515625
-0,98078528040323
-0,9951847266721971,3671875
-1
-0,9951847266721971,3828125
-0,98078528040323
-0,9569403357322091,3984375
-0,923879532511287
-0,8819212643483551,4140625
-0,831469612302546
-0,7730104533627381,4296875
-0,707106781186549
-0,6343932841636471,4453125
-0,555570233019604
-0,4713967368259971,4609375
-0,382683432365089
-0,2902846772544621,4765625
-0,195090322016128
-0,0980171403295611,4921875
-7,34763812293426E-16
0,09801714032955951,5078125
0,195090322016127
0,2902846772544611,5234375
0,382683432365088
0,4713967368259961,5390625
0,555570233019603
0,6343932841636461,5546875
0,707106781186548
0,7730104533627371,5703125
0,831469612302545
0,8819212643483551,5859375
0,923879532511286
0,9569403357322081,6015625
0,98078528040323
0,9951847266721971,6171875
1
0,9951847266721971,6328125
0,98078528040323
0,9569403357322091,6484375
0,923879532511287
0,8819212643483551,6640625
0,831469612302546
0,7730104533627381,6796875
0,707106781186549
0,6343932841636471,6953125
0,555570233019604
0,4713967368259971,7109375
0,382683432365089
0,2902846772544621,7265625
0,195090322016128
0,09801714032956111,7421875
8,57224447675664E-16
-0,09801714032955941,7578125
-0,195090322016127
-0,2902846772544611,7734375
-0,382683432365088
-0,4713967368259951,7890625
-0,555570233019603
-0,6343932841636461,8046875
-0,707106781186548
-0,7730104533627371,8203125
-0,831469612302545
-0,8819212643483551,8359375
-0,923879532511286
-0,9569403357322081,8515625
-0,98078528040323
-0,9951847266721971,8671875
-1
-0,9951847266721971,8828125
-0,98078528040323
-0,9569403357322091,8984375
-0,923879532511287
-0,8819212643483551,9140625
-0,831469612302546
-0,7730104533627381,9296875
-0,707106781186549
-0,6343932841636471,9453125
-0,555570233019604
-0,4713967368259971,9609375
-0,382683432365089
-0,2902846772544621,9765625
-0,195090322016129
-0,09801714032956121,9921875
-9,79685083057902E-16
0,09801714032955932,0078125
0,195090322016127
0,290284677254462,0234375
0,382683432365088
0,4713967368259952,0390625
0,555570233019603
0,6343932841636462,0546875
0,707106781186547
0,7730104533627372,0703125
0,831469612302545
0,8819212643483542,0859375
0,923879532511286
0,9569403357322082,1015625
0,98078528040323
0,9951847266721972,1171875
1
0,9951847266721972,1328125
0,98078528040323
0,9569403357322092,1484375
0,923879532511287
0,8819212643483552,1640625
0,831469612302546
0,7730104533627382,1796875
0,707106781186549
0,6343932841636472,1953125
0,555570233019604
0,4713967368259972,2109375
0,38268343236509
0,2902846772544622,2265625
0,195090322016129
0,09801714032956142,2421875
1,10214571844014E-15
-0,09801714032955922,2578125
-0,195090322016127
-0,290284677254462,2734375
-0,382683432365088
-0,4713967368259952,2890625
-0,555570233019603
-0,6343932841636462,3046875
-0,707106781186547
-0,7730104533627372,3203125
-0,831469612302545
-0,8819212643483542,3359375
-0,923879532511286
-0,9569403357322082,3515625
-0,98078528040323
-0,9951847266721972,3671875
-1
-0,9951847266721972,3828125
-0,98078528040323
-0,9569403357322092,3984375
-0,923879532511287
-0,8819212643483552,4140625
-0,831469612302546
-0,7730104533627382,4296875
-0,707106781186549
-0,6343932841636472,4453125
-0,555570233019605
-0,4713967368259972,4609375
-0,38268343236509
-0,2902846772544632,4765625
-0,195090322016129
-0,09801714032956152,4921875
-1,22460635382238E-15
0,0980171403295592,5078125
0,195090322016126
0,290284677254462,5234375
0,382683432365087
0,4713967368259952,5390625
0,5555702330196
0,6343932841636452,5546875
0,707106781186545
0,7730104533627372,5703125
0,831469612302543
0,8819212643483542,5859375
0,923879532511287
0,9569403357322082,6015625
0,980785280403231
0,9951847266721972,6171875
1
0,9951847266721972,6328125
0,98078528040323
0,956940335732212,6484375
0,923879532511287
0,8819212643483572,6640625
0,831469612302546
0,7730104533627362,6796875
0,707106781186549
0,6343932841636452,6953125
0,555570233019605
0,4713967368259972,7109375
0,382683432365093
0,2902846772544632,7265625
0,195090322016132
0,09801714032956162,7421875
4,89978066800512E-15
-0,09801714032955892,7578125
-0,19509032201613
-0,290284677254462,7734375
-0,382683432365091
-0,4713967368259952,7890625
-0,555570233019602
-0,6343932841636432,8046875
-0,707106781186547
-0,7730104533627342,8203125
-0,831469612302545
-0,8819212643483562,8359375
-0,923879532511286
-0,9569403357322092,8515625
-0,98078528040323
-0,9951847266721972,8671875
-1
-0,9951847266721972,8828125
-0,980785280403231
-0,9569403357322092,8984375
-0,923879532511289
-0,8819212643483562,9140625
-0,831469612302544
-0,7730104533627382,9296875
-0,707106781186547
-0,6343932841636482,9453125
-0,555570233019602
-0,4713967368260012,9609375
-0,38268343236509
-0,2902846772544662,9765625
-0,195090322016129
-0,09801714032956532,9921875
-1,46952762458685E-15
0,09801714032956233,0078125
0,195090322016126
0,2902846772544633,0234375
0,382683432365087
0,4713967368259983,0390625
0,555570233019599
0,6343932841636453,0546875
0,707106781186545
0,7730104533627363,0703125
0,831469612302543
0,8819212643483543,0859375
0,923879532511287
0,9569403357322083,1015625
0,980785280403231
0,9951847266721973,1171875
1
0,9951847266721973,1328125
0,980785280403231
0,956940335732213,1484375
0,923879532511287
0,8819212643483573,1640625
0,831469612302546
0,7730104533627363,1796875
0,707106781186549
0,6343932841636453,1953125
0,555570233019605
0,4713967368259983,2109375
0,382683432365093
0,2902846772544633,2265625
0,195090322016133
0,09801714032956193,2421875
-1,96072541883141E-15
-0,09801714032955873,2578125
-0,19509032201613
-0,290284677254463,2734375
-0,38268343236509
-0,4713967368259953,2890625
-0,555570233019602
-0,6343932841636423,3046875
-0,707106781186547
-0,7730104533627343,3203125
-0,831469612302544
-0,8819212643483563,3359375
-0,923879532511286
-0,9569403357322093,3515625
-0,98078528040323
-0,9951847266721973,3671875
-1
-0,9951847266721973,3828125
-0,980785280403231
-0,9569403357322093,3984375
-0,923879532511289
-0,8819212643483563,4140625
-0,831469612302544
-0,7730104533627383,4296875
-0,707106781186547
-0,6343932841636483,4453125
-0,555570233019602
-0,4713967368260013,4609375
-0,38268343236509
-0,2902846772544663,4765625
-0,195090322016129
-0,09801714032956553,4921875
-1,71444889535133E-15
0,09801714032956213,5078125
0,195090322016126
0,2902846772544633,5234375
0,382683432365087
0,4713967368259983,5390625
0,555570233019599
0,6343932841636453,5546875
0,707106781186544
0,7730104533627363,5703125
0,831469612302542
0,8819212643483543,5859375
0,923879532511287
0,9569403357322083,6015625
0,980785280403231
0,9951847266721973,6171875
1
0,9951847266721973,6328125
0,980785280403231
0,956940335732213,6484375
0,923879532511287
0,8819212643483573,6640625
0,831469612302546
0,7730104533627363,6796875
0,707106781186549
0,6343932841636453,6953125
0,555570233019605
0,4713967368259983,7109375
0,382683432365094
0,2902846772544633,7265625
0,195090322016133
0,09801714032956213,7421875
5,38962320953407E-15
-0,09801714032955843,7578125
-0,195090322016129
-0,290284677254463,7734375
-0,38268343236509
-0,4713967368259953,7890625
-0,555570233019602
-0,6343932841636423,8046875
-0,707106781186547
-0,7730104533627343,8203125
-0,831469612302544
-0,8819212643483563,8359375
-0,923879532511286
-0,9569403357322093,8515625
-0,98078528040323
-0,9951847266721973,8671875
-1
-0,9951847266721973,8828125
-0,980785280403231
-0,9569403357322093,8984375
-0,923879532511289
-0,8819212643483563,9140625
-0,831469612302544
-0,7730104533627393,9296875
-0,707106781186547
-0,6343932841636483,9453125
-0,555570233019602
-0,4713967368260013,9609375
-0,38268343236509
-0,2902846772544673,9765625
-0,19509032201613
-0,09801714032956583,9921875
-1,9593701661158E-15
0,07356456359966664,0078125
0,146730474455362
0,219101240156874,0234375
0,290284677254463
0,359895036534994,0390625
0,427555093430278
0,492898192229784,0546875
0,555570233019599
0,6152315905806254,0703125
0,671558954847017
0,7242470829514664,0859375
0,773010453362736
0,8175848131515834,1015625
0,857728610000272
0,8932243011955164,1171875
0,923879532511287
0,9495281805930354,1328125
0,970031253194543
0,9852776423889414,1484375
0,995184726672197
0,9996988186962044,1640625
0,998795456205173
0,992479534598714,1796875
0,980785280403231
0,963776065795444,1953125
0,94154406518302
0,914209755703534,2109375
0,881921264348357
0,8448535652497094,2265625
0,803207531480647
0,7572088465064874,2421875
0,707106781186549
0,6531728429537784,2578125
0,595699304492434
0,5349976198870984,2734375
0,471396736825998
0,4052413140049894,2890625
0,336889853392219
0,2667127574749034,3046875
0,195090322016133
0,122410675199224,3203125
0,0490676743274212
-0,02454122852290974,3359375
-0,0980171403295587
-0,17096188876034,3515625
-0,242980179903263
-0,3136817403988914,3671875
-0,38268343236509
-0,4496113296546084,3828125
-0,514102744193223
-0,5758081914178424,3984375
-0,634393284163642
-0,6895405447370654,4140625
-0,740951125354957
-0,7883464276266054,4296875
-0,831469612302544
-0,8700869911087114,4453125
-0,903989293123443
-0,9329927988347394,4609375
-0,956940335732209
-0,9757021300385294,4765625
-0,98917650996478
-0,997290456678694,4921875
-1
-0,997290456678694,5078125
-0,989176509964781
-0,9757021300385294,5234375
-0,956940335732209
-0,9329927988347394,5390625
-0,903989293123443
-0,8700869911087114,5546875
-0,831469612302544
-0,7883464276266094,5703125
-0,740951125354962
-0,6895405447370694,5859375
-0,634393284163648
-0,5758081914178474,6015625
-0,514102744193223
-0,4496113296546074,6171875
-0,38268343236509
-0,3136817403988914,6328125
-0,242980179903263
-0,17096188876034,6484375
-0,0980171403295655
-0,02454122852291664,6640625
0,0490676743274144
0,1224106751992134,6796875
0,195090322016126
0,2667127574748974,6953125
0,336889853392219
0,4052413140049894,7109375
0,471396736825998
0,5349976198870984,7265625
0,595699304492434
0,6531728429537734,7421875
0,707106781186544
0,7572088465064824,7578125
0,803207531480643
0,8448535652497064,7734375
0,881921264348354
0,914209755703534,7890625
0,941544065183021
0,963776065795444,8046875
0,980785280403231
0,992479534598714,8203125
0,998795456205172
0,9996988186962044,8359375
0,995184726672197
0,9852776423889424,8515625
0,970031253194545
0,9495281805930374,8671875
0,923879532511287
0,8932243011955164,8828125
0,857728610000272
0,8175848131515834,8984375
0,773010453362736
0,7242470829514714,9140625
0,671558954847022
0,615231590580634,9296875
0,555570233019605
0,4928981922297864,9453125
0,427555093430284
0,359895036534994,9609375
0,290284677254463
0,219101240156874,9765625
0,146730474455361
0,07356456359966634,9921875
5,38962320953407E-15
-0,07356456359966275,0078125
-0,146730474455358
-0,2191012401568665,0234375
-0,29028467725446
-0,3598950365349865,0390625
-0,427555093430281
-0,4928981922297835,0546875
-0,555570233019602
-0,6152315905806275,0703125
-0,671558954847019
-0,7242470829514685,0859375
-0,773010453362734
-0,8175848131515815,1015625
-0,85772861000027
-0,8932243011955145,1171875
-0,923879532511286
-0,9495281805930365,1328125
-0,970031253194544
-0,9852776423889415,1484375
-0,995184726672197
-0,9996988186962045,1640625
-0,998795456205172
-0,9924795345987115,1796875
-0,980785280403231
-0,9637760657954415,1953125
-0,941544065183022
-0,9142097557035325,2109375
-0,881921264348356
-0,8448535652497085,2265625
-0,803207531480645
-0,7572088465064845,2421875
-0,707106781186547
-0,6531728429537765,2578125
-0,595699304492437
-0,5349976198871015,2734375
-0,471396736826001
-0,4052413140049935,2890625
-0,336889853392222
-0,26671275747495,3046875
-0,19509032201613
-0,1224106751992175,3203125
-0,049067674327418
0,02454122852291295,3359375
0,0980171403295619
0,1709618887602965,3515625
0,242980179903259
0,3136817403988885,3671875
0,382683432365087
0,4496113296546045,3828125
0,51410274419322
0,5758081914178445,3984375
0,634393284163645
0,6895405447370675,4140625
0,740951125354959
0,7883464276266075,4296875
0,831469612302542
0,8700869911087095,4453125
0,903989293123442
0,9329927988347385,4609375
0,956940335732208
0,9757021300385285,4765625
0,989176509964781
0,997290456678695,4921875
1
0,997290456678695,5078125
0,989176509964781
0,975702130038535,5234375
0,95694033573221
0,932992798834745,5390625
0,903989293123445
0,8700869911087135,5546875
0,831469612302546
0,7883464276266075,5703125
0,74095112535496
0,6895405447370675,5859375
0,634393284163645
0,5758081914178455,6015625
0,514102744193227
0,4496113296546115,6171875
0,382683432365094
0,3136817403988955,6328125
0,242980179903267
0,1709618887603045,6484375
0,0980171403295623
0,02454122852291345,6640625
-0,0490676743274175
-0,1224106751992165,6796875
-0,195090322016129
-0,26671275747495,6953125
-0,336889853392215
-0,4052413140049865,7109375
-0,471396736825994
-0,5349976198870955,7265625
-0,595699304492431
-0,6531728429537755,7421875
-0,707106781186547
-0,7572088465064845,7578125
-0,803207531480645
-0,8448535652497075,7734375
-0,881921264348356
-0,9142097557035295,7890625
-0,941544065183019
-0,9637760657954395,8046875
-0,98078528040323
-0,992479534598715,8203125
-0,998795456205172
-0,9996988186962045,8359375
-0,995184726672197
-0,9852776423889415,8515625
-0,970031253194544
-0,9495281805930365,8671875
-0,923879532511289
-0,8932243011955175,8828125
-0,857728610000274
-0,8175848131515865,8984375
-0,773010453362739
-0,7242470829514685,9140625
-0,671558954847019
-0,6152315905806275,9296875
-0,555570233019602
-0,4928981922297845,9453125
-0,427555093430281
-0,3598950365349935,9609375
-0,290284677254467
-0,2191012401568745,9765625
-0,146730474455365
-0,07356456359967035,9921875
-2,20429143688028E-15
0,07356456359966596,0078125
0,146730474455361
0,219101240156876,0234375
0,290284677254463
0,3598950365349896,0390625
0,427555093430277
0,492898192229786,0546875
0,555570233019599
0,6152315905806246,0703125
0,671558954847016
0,7242470829514656,0859375
0,773010453362736
0,8175848131515836,1015625
0,857728610000272
0,8932243011955156,1171875
0,923879532511287
0,9495281805930356,1328125
0,970031253194543
0,9852776423889416,1484375
0,995184726672196
0,9996988186962046,1640625
0,998795456205173
0,992479534598716,1796875
0,980785280403231
0,963776065795446,1953125
0,941544065183021
0,914209755703536,2109375
0,881921264348358
0,844853565249716,2265625
0,803207531480648
0,7572088465064876,2421875
0,70710678118655
0,6531728429537796,2578125
0,595699304492435
0,5349976198870986,2734375
0,471396736825998
0,405241314004996,2890625
0,336889853392219
0,2667127574749046,3046875
0,195090322016133
0,1224106751992216,3203125
0,0490676743274219
-0,0245412285229096,3359375
-0,098017140329558
-0,1709618887602996,3515625
-0,242980179903263
-0,3136817403988916,3671875
-0,38268343236509
-0,4496113296546076,3828125
-0,514102744193223
-0,5758081914178416,3984375
-0,634393284163642
-0,6895405447370646,4140625
-0,740951125354957
-0,7883464276266056,4296875
-0,831469612302544
-0,8700869911087116,4453125
-0,903989293123443
-0,9329927988347396,4609375
-0,956940335732209
-0,9757021300385296,4765625
-0,98917650996478
-0,997290456678696,4921875
-1
-0,997290456678696,5078125
-0,989176509964781
-0,9757021300385296,5234375
-0,956940335732209
-0,9329927988347396,5390625
-0,903989293123443
-0,8700869911087116,5546875
-0,831469612302545
-0,788346427626616,5703125
-0,740951125354962
-0,689540544737076,5859375
-0,634393284163648
-0,5758081914178486,6015625
-0,514102744193224
-0,4496113296546086,6171875
-0,382683432365091
-0,3136817403988926,6328125
-0,242980179903264
-0,17096188876036,6484375
-0,0980171403295662
-0,02454122852291736,6640625
0,0490676743274136
0,1224106751992126,6796875
0,195090322016125
0,2667127574748966,6953125
0,336889853392218
0,4052413140049896,7109375
0,471396736825997
0,5349976198870976,7265625
0,595699304492434
0,6531728429537726,7421875
0,707106781186544
0,7572088465064826,7578125
0,803207531480643
0,8448535652497056,7734375
0,881921264348354
0,914209755703536,7890625
0,94154406518302
0,9637760657954386,8046875
0,98078528040323
0,9924795345987096,8203125
0,998795456205172
0,9996988186962046,8359375
0,995184726672197
0,9852776423889426,8515625
0,970031253194543
0,9495281805930386,8671875
0,92387953251129
0,8932243011955166,8828125
0,857728610000276
0,8175848131515846,8984375
0,773010453362741
0,7242470829514666,9140625
0,671558954847022
0,6152315905806256,9296875
0,555570233019606
0,4928981922297816,9453125
0,427555093430285
0,3598950365349976,9609375
0,290284677254464
0,2191012401568786,9765625
0,146730474455362
0,07356456359967426,9921875
-9,81040335773509E-16
-0,07356456359966197,0078125
-0,146730474455364
-0,2191012401568667,0234375
-0,290284677254466
-0,3598950365349857,0390625
-0,427555093430274
-0,4928981922297837,0546875
-0,555570233019595
-0,6152315905806267,0703125
-0,671558954847013
-0,7242470829514687,0859375
-0,773010453362733
-0,8175848131515857,1015625
-0,85772861000027
-0,8932243011955177,1171875
-0,923879532511286
-0,9495281805930347,1328125
-0,970031253194544
-0,985277642388947,1484375
-0,995184726672197
-0,9996988186962047,1640625
-0,998795456205172
-0,9924795345987117,1796875
-0,98078528040323
-0,9637760657954417,1953125
-0,94154406518302
-0,9142097557035327,2109375
-0,88192126434836
-0,8448535652497087,2265625
-0,80320753148065
-0,7572088465064857,2421875
-0,707106781186553
-0,6531728429537767,2578125
-0,595699304492438
-0,5349976198870967,2734375
-0,471396736826002
-0,4052413140049877,2890625
-0,336889853392223
-0,2667127574749087,3046875
-0,19509032201613
-0,1224106751992257,3203125
-0,0490676743274188
0,02454122852290517,3359375
0,0980171403295611
0,1709618887602957,3515625
0,242980179903266
0,3136817403988877,3671875
0,382683432365093
0,4496113296546047,3828125
0,514102744193225
0,5758081914178447,3984375
0,634393284163639
0,6895405447370667,4140625
0,740951125354954
0,7883464276266077,4296875
0,831469612302542
0,8700869911087127,4453125
0,903989293123441
0,932992798834747,4609375
0,956940335732208
0,9757021300385297,4765625
0,989176509964781
0,997290456678697,4921875
1
0,9972904566786917,5078125
0,989176509964781
0,975702130038537,5234375
0,956940335732208
0,9329927988347417,5390625
0,903989293123442
0,8700869911087137,5546875
0,831469612302543
0,7883464276266087,5703125
0,740951125354965
0,6895405447370687,5859375
0,634393284163651
0,5758081914178457,6015625
0,514102744193227
0,4496113296546057,6171875
0,382683432365094
0,3136817403988897,6328125
0,242980179903268
0,1709618887602977,6484375
0,0980171403295631
0,02454122852292127,6640625
-0,0490676743274168
-0,1224106751992097,6796875
-0,195090322016128
-0,2667127574748927,6953125
-0,336889853392221
-0,4052413140049857,7109375
-0,471396736826
-0,5349976198870947,7265625
-0,595699304492436
-0,6531728429537757,7421875
-0,707106781186541
-0,7572088465064847,7578125
-0,80320753148064
-0,8448535652497077,7734375
-0,881921264348352
-0,9142097557035317,7890625
-0,941544065183019
-0,9637760657954417,8046875
-0,98078528040323
-0,992479534598717,8203125
-0,998795456205172
-0,9996988186962047,8359375
-0,995184726672197
-0,9852776423889437,8515625
-0,970031253194544
-0,9495281805930397,8671875
-0,923879532511286
-0,8932243011955187,8828125
-0,857728610000271
-0,8175848131515867,8984375
-0,773010453362735
-0,7242470829514697,9140625
-0,671558954847025
-0,6152315905806287,9296875
-0,555570233019609
-0,4928981922297847,9453125
-0,427555093430288
-0,3598950365349877,9609375
-0,290284677254468
-0,2191012401568687,9765625
-0,146730474455366
-0,07356456359966397,9921875
-2,93905524917371E-15
0,09801714032955288,0078125
0,195090322016131
0,2902846772544618,0234375
0,382683432365085
0,471396736825998,0390625
0,555570233019603
0,6343932841636438,0546875
0,707106781186543
0,773010453362738,0703125
0,831469612302545
0,8819212643483538,0859375
0,923879532511284
0,956940335732218,1015625
0,98078528040323
0,9951847266721968,1171875
1
0,9951847266721978,1328125
0,980785280403231
0,9569403357322118,1484375
0,923879532511291
0,8819212643483558,1640625
0,831469612302548
0,7730104533627428,1796875
0,707106781186546
0,6343932841636478,1953125
0,555570233019607
0,4713967368260068,2109375
0,382683432365089
0,2902846772544658,2265625
0,195090322016135
0,09801714032957148,2421875
4,88487288813344E-16
-0,09801714032955628,2578125
-0,19509032201612
-0,2902846772544648,2734375
-0,382683432365088
-0,4713967368259938,2890625
-0,555570233019594
-0,6343932841636468,3046875
-0,707106781186545
-0,7730104533627328,3203125
-0,831469612302539
-0,8819212643483558,3359375
-0,923879532511285
-0,9569403357322068,3515625
-0,980785280403231
-0,9951847266721978,3671875
-1
-0,9951847266721988,3828125
-0,98078528040323
-0,956940335732218,3984375
-0,92387953251129
-0,881921264348368,4140625
-0,831469612302546
-0,773010453362748,4296875
-0,707106781186554
-0,6343932841636448,4453125
-0,555570233019604
-0,4713967368260038,4609375
-0,382683432365099
-0,2902846772544628,4765625
-0,195090322016132
-0,09801714032956798,4921875
2,94176575460492E-15
0,09801714032955978,5078125
0,195090322016124
0,2902846772544548,5234375
0,382683432365091
0,4713967368259968,5390625
0,555570233019597
0,6343932841636388,5546875
0,707106781186548
0,7730104533627358,5703125
0,831469612302541
0,8819212643483568,5859375
0,923879532511286
0,9569403357322078,6015625
0,980785280403229
0,9951847266721978,6171875
1
0,9951847266721978,6328125
0,980785280403232
0,9569403357322098,6484375
0,923879532511288
0,8819212643483598,6640625
0,831469612302544
0,7730104533627388,6796875
0,707106781186551
0,6343932841636528,6953125
0,555570233019601
0,4713967368268,7109375
0,382683432365096
0,2902846772544728,7265625
0,195090322016128
0,09801714032956458,7421875
7,83883591717882E-15
-0,09801714032956318,7578125
-0,195090322016127
-0,2902846772544578,7734375
-0,382683432365081
-0,4713967368259998,7890625
-0,5555702330196
-0,634393284163648,8046875
-0,70710678118654
-0,7730104533627378,8203125
-0,831469612302543
-0,8819212643483518,8359375
-0,923879532511288
-0,9569403357322088,8515625
-0,980785280403229
-0,9951847266721968,8671875
-1
-0,9951847266721978,8828125
-0,980785280403232
-0,9569403357322128,8984375
-0,923879532511287
-0,8819212643483578,9140625
-0,83146961230255
-0,7730104533627368,9296875
-0,707106781186549
-0,634393284163658,9453125
-0,55557023301961
-0,4713967368259978,9609375
-0,382683432365093
-0,2902846772544698,9765625
-0,195090322016139
-0,09801714032956118,9921875
-4,40858287376056E-15
0,09801714032955239,0078125
0,19509032201613
0,2902846772544619,0234375
0,382683432365084
0,4713967368259899,0390625
0,555570233019603
0,6343932841636439,0546875
0,707106781186542
0,773010453362739,0703125
0,831469612302545
0,8819212643483539,0859375
0,923879532511284
0,9569403357322099,1015625
0,98078528040323
0,9951847266721969,1171875
1
0,9951847266721979,1328125
0,980785280403231
0,9569403357322119,1484375
0,923879532511291
0,8819212643483559,1640625
0,831469612302548
0,7730104533627429,1796875
0,707106781186546
0,6343932841636479,1953125
0,555570233019607
0,4713967368260069,2109375
0,382683432365089
0,2902846772544669,2265625
0,195090322016136
0,09801714032957189,2421875
9,78329830342295E-16
-0,09801714032955589,2578125
-0,19509032201612
-0,2902846772544649,2734375
-0,382683432365088
-0,4713967368259929,2890625
-0,555570233019594
-0,6343932841636469,3046875
-0,707106781186545
-0,7730104533627329,3203125
-0,831469612302539
-0,8819212643483549,3359375
-0,923879532511285
-0,9569403357322069,3515625
-0,980785280403231
-0,9951847266721979,3671875
-1
-0,9951847266721989,3828125
-0,98078528040323
-0,956940335732219,3984375
-0,92387953251129
-0,881921264348369,4140625
-0,831469612302546
-0,773010453362749,4296875
-0,707106781186554
-0,6343932841636449,4453125
-0,555570233019604
-0,4713967368260039,4609375
-0,382683432365099
-0,2902846772544629,4765625
-0,195090322016132
-0,09801714032956849,4921875
-1,1758931502126E-14
0,09801714032955929,5078125
0,195090322016123
0,2902846772544549,5234375
0,382683432365091
0,4713967368259959,5390625
0,555570233019597
0,6343932841636379,5546875
0,707106781186547
0,7730104533627349,5703125
0,831469612302541
0,8819212643483569,5859375
0,923879532511286
0,9569403357322079,6015625
0,980785280403229
0,9951847266721979,6171875
1
0,9951847266721989,6328125
0,980785280403233
0,9569403357322099,6484375
0,923879532511288
0,8819212643483599,6640625
0,831469612302544
0,7730104533627389,6796875
0,707106781186551
0,6343932841636539,6953125
0,555570233019602
0,4713967368269,7109375
0,382683432365096
0,2902846772544739,7265625
0,195090322016129
0,0980171403295659,7421875
8,32867845870777E-15
-0,09801714032956269,7578125
-0,195090322016126
-0,2902846772544579,7734375
-0,382683432365081
-0,4713967368259989,7890625
-0,5555702330196
-0,634393284163649,8046875
-0,70710678118654
-0,7730104533627379,8203125
-0,831469612302543
-0,8819212643483519,8359375
-0,923879532511287
-0,9569403357322089,8515625
-0,980785280403229
-0,9951847266721969,8671875
-1
-0,9951847266721979,8828125
-0,980785280403232
-0,9569403357322129,8984375
-0,923879532511287
-0,8819212643483579,9140625
-0,83146961230255
-0,7730104533627369,9296875
-0,707106781186549
-0,634393284163659,9453125
-0,555570233019611
-0,4713967368259979,9609375
-0,382683432365093
-0,2902846772544699,9765625
-0,195090322016139
-0,09801714032956169,9921875
-4,89842541528951E-15
0,073564563599664410,0078125
0,146730474455352
0,21910124015686810,0234375
0,290284677254455
0,35989503653498810,0390625
0,427555093430276
0,49289819222978510,0546875
0,555570233019598
0,61523159058062810,0703125
0,671558954847015
0,72424708295146910,0859375
0,773010453362735
0,81758481315157810,1015625
0,857728610000271
0,89322430119551210,1171875
0,923879532511287
0,94952818059303410,1328125
0,970031253194544
0,9852776423889410,1484375
0,995184726672197
0,99969881869620410,1640625
0,998795456205172
0,9924795345987110,1796875
0,980785280403232
0,9637760657954410,1953125
0,941544065183024
0,91420975570353110,2109375
0,881921264348358
0,84485356524970710,2265625
0,803207531480648
0,75720884650648310,2421875
0,707106781186551
0,65317284295377410,2578125
0,595699304492436
0,53499761988710510,2734375
0,471396736826
0,40524131400499810,2890625
0,336889853392221
0,26671275747490510,3046875
0,195090322016128
0,12241067519922210,3203125
0,0490676743274163
-0,024541228522907510,3359375
-0,0980171403295636
-0,17096188876029810,3515625
-0,242980179903254
-0,31368174039888910,3671875
-0,382683432365082
-0,44961132965460610,3828125
-0,514102744193215
-0,57580819141784610,3984375
-0,634393284163641
-0,68954054473706810,4140625
-0,740951125354956
-0,78834642762660810,4296875
-0,831469612302543
-0,87008699110870610,4453125
-0,903989293123442
-0,93299279883473610,4609375
-0,956940335732209
-0,97570213003852710,4765625
-0,989176509964781
-0,9972904566786910,4921875
-1
-0,99729045667869110,5078125
-0,989176509964781
-0,97570213003852910,5234375
-0,956940335732212
-0,9329927988347410,5390625
-0,903989293123447
-0,87008699110871210,5546875
-0,831469612302549
-0,78834642762660610,5703125
-0,740951125354963
-0,68954054473706610,5859375
-0,634393284163649
-0,57580819141784310,6015625
-0,514102744193225
-0,44961132965461610,6171875
-0,382683432365092
-0,313681740398910,6328125
-0,242980179903265
-0,17096188876030910,6484375
-0,0980171403295606
-0,024541228522918810,6640625
0,0490676743274193
0,12241067519921110,6796875
0,195090322016131
0,26671275747489510,6953125
0,33688985339221
0,40524131400498710,7109375
0,47139673682599
0,53499761988709610,7265625
0,595699304492427
0,65317284295377710,7421875
0,707106781186543
0,75720884650648510,7578125
0,803207531480642
0,84485356524970810,7734375
0,881921264348353
0,91420975570352610,7890625
0,94154406518302
0,96377606579543710,8046875
0,98078528040323
0,99247953459870910,8203125
0,998795456205172
0,99969881869620410,8359375
0,995184726672197
0,98527764238894210,8515625
0,970031253194543
0,94952818059303810,8671875
0,923879532511291
0,89322430119551710,8828125
0,857728610000277
0,81758481315158510,8984375
0,773010453362742
0,72424708295146710,9140625
0,671558954847023
0,61523159058062610,9296875
0,555570233019607
0,49289819222978210,9453125
0,427555093430286
0,35989503653499810,9609375
0,290284677254465
0,21910124015687910,9765625
0,146730474455363
0,073564563599675610,9921875
4,88487288813344E-16
-0,073564563599660511,0078125
-0,146730474455363
-0,21910124015686411,0234375
-0,290284677254464
-0,35989503653498411,0390625
-0,427555093430272
-0,49289819222978111,0546875
-0,555570233019594
-0,61523159058062511,0703125
-0,671558954847012
-0,72424708295146711,0859375
-0,773010453362732
-0,81758481315158411,1015625
-0,857728610000269
-0,89322430119551611,1171875
-0,923879532511285
-0,94952818059303311,1328125
-0,970031253194543
-0,9852776423889411,1484375
-0,995184726672197
-0,99969881869620411,1640625
-0,998795456205172
-0,99247953459871111,1796875
-0,98078528040323
-0,96377606579544111,1953125
-0,94154406518302
-0,91420975570353311,2109375
-0,88192126434836
-0,84485356524970911,2265625
-0,803207531480651
-0,75720884650648611,2421875
-0,707106781186554
-0,65317284295377711,2578125
-0,595699304492439
-0,53499761988709711,2734375
-0,471396736826003
-0,40524131400498811,2890625
-0,336889853392225
-0,26671275747490911,3046875
-0,195090322016132
-0,12241067519922611,3203125
-0,0490676743274202
0,024541228522903611,3359375
0,0980171403295597
0,17096188876029411,3515625
0,242980179903264
0,31368174039888611,3671875
0,382683432365091
0,44961132965460211,3828125
0,514102744193224
0,57580819141784211,3984375
0,634393284163638
0,68954054473706511,4140625
0,740951125354953
0,78834642762660611,4296875
0,831469612302541
0,87008699110871211,4453125
0,903989293123441
0,93299279883473911,4609375
0,956940335732207
0,97570213003852911,4765625
0,98917650996478
0,99729045667868911,4921875
1
0,99729045667869111,5078125
0,989176509964781
0,9757021300385311,5234375
0,956940335732209
0,93299279883474111,5390625
0,903989293123443
0,87008699110871411,5546875
0,831469612302544
0,78834642762660911,5703125
0,740951125354966
0,68954054473706911,5859375
0,634393284163652
0,57580819141784611,6015625
0,514102744193228
0,44961132965460711,6171875
0,382683432365096
0,3136817403988911,6328125
0,242980179903269
0,17096188876029911,6484375
0,0980171403295645
0,024541228522922711,6640625
-0,0490676743274153
-0,12241067519920711,6796875
-0,195090322016127
-0,26671275747489111,6953125
-0,33688985339222
-0,40524131400498411,7109375
-0,471396736825999
-0,53499761988709311,7265625
-0,595699304492435
-0,65317284295377411,7421875
-0,70710678118654
-0,75720884650648311,7578125
-0,803207531480639
-0,84485356524970611,7734375
-0,881921264348351
-0,91420975570353111,7890625
-0,941544065183018
-0,9637760657954411,8046875
-0,980785280403229
-0,9924795345987111,8203125
-0,998795456205172
-0,99969881869620411,8359375
-0,995184726672197
-0,98527764238894311,8515625
-0,970031253194544
-0,94952818059303911,8671875
-0,923879532511287
-0,89322430119551811,8828125
-0,857728610000272
-0,81758481315158711,8984375
-0,773010453362736
-0,7242470829514711,9140625
-0,671558954847026
-0,61523159058062911,9296875
-0,55557023301961
-0,49289819222978611,9453125
-0,42755509343029
-0,35989503653498911,9609375
-0,290284677254469
-0,21910124015686911,9765625
-0,146730474455367
-0,073564563599665411,9921875
-4,40858287376056E-15
0,09801714032956512,0078125
0,195090322016115
0,29028467725445912,0234375
0,382683432365096
0,47139673682598812,0390625
0,555570233019602
0,63439328416363112,0546875
0,707106781186541
0,77301045336273812,0703125
0,831469612302536
0,88192126434835212,0859375
0,923879532511288
0,95694033573220512,1015625
0,98078528040323
0,99518472667219812,1171875
1
0,99518472667219712,1328125
0,980785280403234
0,95694033573221112,1484375
0,923879532511286
0,88192126434836312,1640625
0,831469612302549
0,77301045336273412,1796875
0,707106781186557
0,63439328416364812,1953125
0,555570233019597
0,47139673682600812,2109375
0,382683432365091
0,29028467725448112,2265625
0,195090322016137
0,098017140329559212,2421875
1,66587121701312E-14
-0,098017140329554312,2578125
-0,195090322016132
-0,29028467725444912,2734375
-0,382683432365086
-0,47139673682600312,2890625
-0,555570233019593
-0,63439328416364412,3046875
-0,707106781186534
-0,77301045336273112,3203125
-0,831469612302546
-0,88192126434834712,3359375
-0,923879532511284
-0,9569403357322112,3515625
-0,980785280403228
-0,99518472667219612,3671875
-1
-0,99518472667219812,3828125
-0,980785280403231
-0,95694033573221412,3984375
-0,92387953251129
-0,88192126434835412,4140625
-0,831469612302555
-0,77301045336274112,4296875
-0,707106781186545
-0,63439328416365712,4453125
-0,555570233019606
-0,47139673682599212,4609375
-0,382683432365101
-0,29028467725446412,4765625
-0,195090322016148
-0,098017140329569912,4921875
9,82395588489116E-16
0,098017140329543612,5078125
0,195090322016122
0,29028467725446612,5234375
0,382683432365076
0,47139673682599412,5390625
0,555570233019607
0,63439328416363612,5546875
0,707106781186546
0,77301045336272412,5703125
0,83146961230254
0,88192126434835512,5859375
0,92387953251128
0,95694033573220712,6015625
0,980785280403231
0,99518472667219512,6171875
1
0,99518472667219612,6328125
0,980785280403233
0,95694033573220912,6484375
0,923879532511294
0,8819212643483612,6640625
0,831469612302545
0,77301045336274812,6796875
0,707106781186553
0,63439328416364312,6953125
0,555570233019615
0,47139673682600212,7109375
0,382683432365084
0,29028467725447412,7265625
0,19509032201613
0,098017140329580612,7421875
9,79820608329462E-15
-0,098017140329561112,7578125
-0,195090322016111
-0,29028467725445512,7734375
-0,382683432365093
-0,47139673682598412,7890625
-0,555570233019598
-0,6343932841636512,8046875
-0,707106781186539
-0,77301045336273612,8203125
-0,831469612302534
-0,8819212643483512,8359375
-0,923879532511287
-0,95694033573220412,8515625
-0,980785280403229
-0,99518472667219712,8671875
-1
-0,99518472667219712,8828125
-0,980785280403229
-0,95694033573221212,8984375
-0,923879532511288
-0,88192126434836512,9140625
-0,831469612302551
-0,77301045336273712,9296875
-0,70710678118656
-0,63439328416365112,9453125
-0,5555702330196
-0,47139673682601112,9609375
-0,382683432365094
-0,29028467725445712,9765625
-0,195090322016141
-0,098017140329563112,9921875
7,84290167532564E-15
0,098017140329550413,0078125
0,195090322016128
0,29028467725444513,0234375
0,382683432365083
0,47139673682613,0390625
0,555570233019589
0,63439328416364113,0546875
0,707106781186551
0,77301045336272913,0703125
0,831469612302544
0,88192126434835913,0859375
0,923879532511283
0,95694033573220913,1015625
0,980785280403227
0,99518472667219613,1171875
1
0,99518472667219813,1328125
0,980785280403232
0,95694033573220713,1484375
0,923879532511292
0,88192126434835613,1640625
0,831469612302541
0,77301045336274413,1796875
0,707106781186548
0,6343932841636613,1953125
0,555570233019609
0,47139673682599613,2109375
0,382683432365104
0,29028467725446813,2265625
0,195090322016124
0,098017140329573813,2421875
2,9376999964581E-15
-0,098017140329567913,2578125
-0,195090322016118
-0,29028467725446213,2734375
-0,382683432365073
-0,4713967368259913,2890625
-0,555570233019604
-0,63439328416363313,3046875
-0,707106781186544
-0,7730104533627413,3203125
-0,831469612302538
-0,88192126434835413,3359375
-0,92387953251129
-0,95694033573220613,3515625
-0,98078528040323
-0,99518472667219513,3671875
-1
-0,99518472667219713,3828125
-0,980785280403234
-0,9569403357322113,3984375
-0,923879532511285
-0,88192126434836113,4140625
-0,831469612302547
-0,77301045336273213,4296875
-0,707106781186555
-0,63439328416364613,4453125
-0,555570233019618
-0,47139673682600513,4609375
-0,382683432365088
-0,29028467725447813,4765625
-0,195090322016134
-0,098017140329556213,4921875
-1,37183016682418E-14
0,098017140329557213,5078125
0,195090322016135
0,29028467725445213,5234375
0,382683432365089
0,47139673682598113,5390625
0,555570233019595
0,63439328416364713,5546875
0,707106781186536
0,77301045336273313,5703125
0,831469612302548
0,88192126434834913,5859375
0,923879532511285
0,95694033573221113,6015625
0,980785280403228
0,99518472667219713,6171875
1
0,99518472667219813,6328125
0,98078528040323
0,95694033573221413,6484375
0,923879532511289
0,88192126434835313,6640625
0,831469612302553
0,77301045336273913,6796875
0,707106781186543
0,63439328416365413,6953125
0,555570233019603
0,47139673682601513,7109375
0,382683432365098
0,29028467725446113,7265625
0,195090322016145
0,09801714032956713,7421875
-3,92280609037843E-15
-0,098017140329546513,7578125
-0,195090322016124
-0,29028467725446913,7734375
-0,382683432365079
-0,47139673682599613,7890625
-0,555570233019586
-0,63439328416363813,8046875
-0,707106781186548
-0,77301045336272613,8203125
-0,831469612302542
-0,88192126434835713,8359375
-0,923879532511281
-0,95694033573220813,8515625
-0,980785280403232
-0,99518472667219613,8671875
-1
-0,99518472667219913,8828125
-0,980785280403232
-0,95694033573220913,8984375
-0,923879532511293
-0,88192126434835813,9140625
-0,831469612302543
-0,77301045336274613,9296875
-0,70710678118655
-0,63439328416364113,9453125
-0,555570233019612
-0,47139673682599913,9609375
-0,382683432365108
-0,29028467725447113,9765625
-0,195090322016127
-0,098017140329577713,9921875
-6,85779558140531E-15
0,073564563599662914,0078125
0,146730474455351
0,21910124015685314,0234375
0,290284677254467
0,35989503653498614,0390625
0,427555093430274
0,49289819222977114,0546875
0,555570233019608
0,61523159058062714,0703125
0,671558954847014
0,72424708295145814,0859375
0,773010453362725
0,81758481315158514,1015625
0,85772861000027
0,89322430119551114,1171875
0,923879532511281
0,94952818059303814,1328125
0,970031253194544
0,9852776423889414,1484375
0,995184726672195
0,99969881869620414,1640625
0,998795456205172
0,99247953459871114,1796875
0,980785280403233
0,96377606579544514,1953125
0,941544065183019
0,91420975570353214,2109375
0,881921264348359
0,84485356524971514,2265625
0,803207531480641
0,75720884650648414,2421875
0,707106781186552
0,65317284295378614,2578125
0,595699304492449
0,53499761988709514,2734375
0,471396736826001
0,40524131400499914,2890625
0,336889853392236
0,26671275747489314,3046875
0,195090322016129
0,12241067519922414,3203125
0,049067674327432
-0,024541228522920314,3359375
-0,0980171403295621
-0,17096188876029614,3515625
-0,242980179903253
-0,31368174039887414,3671875
-0,382683432365094
-0,44961132965460414,3828125
-0,514102744193214
-0,57580819141783314,3984375
-0,634393284163651
-0,68954054473706714,4140625
-0,740951125354955
-0,78834642762659814,4296875
-0,831469612302534
-0,87008699110871314,4453125
-0,903989293123442
-0,93299279883473514,4609375
-0,956940335732204
-0,9757021300385314,4765625
-0,989176509964781
-0,9972904566786914,4921875
-1
-0,9972904566786914,5078125
-0,989176509964781
-0,9757021300385314,5234375
-0,956940335732212
-0,93299279883474514,5390625
-0,903989293123442
-0,87008699110871314,5546875
-0,83146961230255
-0,78834642762661614,5703125
-0,740951125354955
-0,68954054473706714,5859375
-0,634393284163651
-0,57580819141785614,6015625
-0,514102744193238
-0,44961132965460414,6171875
-0,382683432365094
-0,31368174039890114,6328125
-0,24298017990328
-0,17096188876029614,6484375
-0,0980171403295621
-0,024541228522920314,6640625
0,0490676743274036
0,12241067519922414,6796875
0,195090322016129
0,26671275747489314,6953125
0,336889853392209
0,40524131400497314,7109375
0,471396736826001
0,53499761988709514,7265625
0,595699304492426
0,65317284295376514,7421875
0,707106781186552
0,75720884650648414,7578125
0,803207531480641
0,844853565249714,7734375
0,881921264348359
0,91420975570353214,7890625
0,941544065183019
0,96377606579543714,8046875
0,980785280403227
0,99247953459871114,8203125
0,998795456205172
0,99969881869620414,8359375
0,995184726672198
0,9852776423889414,8515625
0,970031253194544
0,94952818059303814,8671875
0,923879532511291
0,89322430119552414,8828125
0,85772861000027
0,81758481315158514,8984375
0,773010453362743
0,72424708295147814,9140625
0,671558954847014
0,61523159058062714,9296875
0,555570233019608
0,49289819222979614,9453125
0,427555093430274
0,35989503653498614,9609375
0,290284677254467
0,21910124015688114,9765625
0,146730474455379
0,073564563599662914,9921875
1,9580149134002E-15
-0,07356456359965915,0078125
-0,146730474455347
-0,21910124015687715,0234375
-0,290284677254463
-0,35989503653498315,0390625
-0,427555093430271
-0,49289819222976815,0546875
-0,555570233019605
-0,61523159058062415,0703125
-0,671558954847011
-0,72424708295145615,0859375
-0,773010453362741
-0,81758481315158315,1015625
-0,857728610000268
-0,89322430119550915,1171875
-0,92387953251129
-0,94952818059303715,1328125
-0,970031253194543
-0,98527764238893915,1484375
-0,995184726672195
-0,99969881869620415,1640625
-0,998795456205173
-0,99247953459871115,1796875
-0,980785280403233
-0,96377606579543815,1953125
-0,941544065183021
-0,91420975570353315,2109375
-0,881921264348361
-0,84485356524971715,2265625
-0,803207531480643
-0,75720884650648715,2421875
-0,707106781186555
-0,65317284295378915,2578125
-0,595699304492429
-0,53499761988709815,2734375
-0,471396736826004
-0,40524131400500315,2890625
-0,336889853392213
-0,26671275747489715,3046875
-0,195090322016133
-0,12241067519922815,3203125
-0,0490676743274359
0,024541228522916315,3359375
0,0980171403295582
0,17096188876029215,3515625
0,242980179903249
0,31368174039889815,3671875
0,38268343236509
0,44961132965460115,3828125
0,514102744193211
0,5758081914178315,3984375
0,634393284163648
0,68954054473706415,4140625
0,740951125354952
0,78834642762659615,4296875
0,831469612302548
0,87008699110871115,4453125
0,90398929312344
0,93299279883473415,4609375
0,956940335732211
0,97570213003852915,4765625
0,98917650996478
0,99729045667868915,4921875
1
0,9972904566786915,5078125
0,989176509964781
0,97570213003853115,5234375
0,956940335732213
0,93299279883473715,5390625
0,903989293123443
0,87008699110871515,5546875
0,831469612302552
0,78834642762661815,5703125
0,740951125354957
0,6895405447370715,5859375
0,634393284163654
0,57580819141785915,6015625
0,514102744193217
0,44961132965460815,6171875
0,382683432365097
0,31368174039890515,6328125
0,242980179903257
0,170961888760315,6484375
0,098017140329566
0,024541228522924215,6640625
-0,0490676743273997
-0,1224106751992215,6796875
-0,195090322016125
-0,26671275747488915,6953125
-0,336889853392205
-0,40524131400499515,7109375
-0,471396736825997
-0,53499761988709115,7265625
-0,595699304492423
-0,65317284295376215,7421875
-0,707106781186549
-0,75720884650648215,7578125
-0,803207531480639
-0,84485356524969815,7734375
-0,881921264348357
-0,9142097557035315,7890625
-0,941544065183018
-0,96377606579543615,8046875
-0,980785280403232
-0,9924795345987115,8203125
-0,998795456205172
-0,99969881869620415,8359375
-0,995184726672199
-0,98527764238894115,8515625
-0,970031253194545
-0,9495281805930415,8671875
-0,923879532511293
-0,89322430119551315,8828125
-0,857728610000272
-0,81758481315158815,8984375
-0,773010453362746
-0,72424708295148115,9140625
-0,671558954847017
-0,6152315905806315,9296875
-0,555570233019611
-0,49289819222979915,9453125
-0,427555093430278
-0,3598950365349915,9609375
-0,29028467725447
-0,21910124015688415,9765625
-0,146730474455355
-0,073564563599666815,9921875