1,22460635382238E-16
-0,04906767432741770,0078125
-0,0980171403295606
-0,1467304744553620,0234375
-0,195090322016128
-0,2429801799032640,0390625
-0,290284677254462
-0,336889853392220,0546875
-0,38268343236509
-0,4275550934302820,0703125
-0,471396736825998
-0,5141027441932220,0859375
-0,555570233019602
-0,5956993044924330,1015625
-0,634393284163645
-0,6715589548470180,1171875
-0,707106781186547
-0,7409511253549590,1328125
-0,773010453362737
-0,8032075314806450,1484375
-0,831469612302545
-0,8577286100002720,1640625
-0,881921264348355
-0,9039892931234430,1796875
-0,923879532511287
-0,9415440651830210,1953125
-0,956940335732209
-0,9700312531945440,2109375
-0,98078528040323
-0,9891765099647810,2265625
-0,995184726672197
-0,9987954562051720,2421875
-1
-0,9987954562051720,2578125
-0,995184726672197
-0,9891765099647810,2734375
-0,98078528040323
-0,9700312531945440,2890625
-0,956940335732209
-0,9415440651830210,3046875
-0,923879532511287
-0,9039892931234430,3203125
-0,881921264348355
-0,8577286100002720,3359375
-0,831469612302545
-0,8032075314806450,3515625
-0,773010453362737
-0,7409511253549590,3671875
-0,707106781186548
-0,6715589548470190,3828125
-0,634393284163645
-0,5956993044924330,3984375
-0,555570233019602
-0,5141027441932220,4140625
-0,471396736825998
-0,4275550934302830,4296875
-0,38268343236509
-0,3368898533922210,4453125
-0,290284677254463
-0,2429801799032640,4609375
-0,195090322016129
-0,1467304744553610,4765625
-0,0980171403295605
-0,04906767432741810,4921875
-2,44921270764475E-16
0,04906767432741760,5078125
0,09801714032956
0,1467304744553610,5234375
0,195090322016128
0,2429801799032640,5390625
0,290284677254462
0,336889853392220,5546875
0,38268343236509
0,4275550934302820,5703125
0,471396736825998
0,5141027441932210,5859375
0,555570233019602
0,5956993044924330,6015625
0,634393284163645
0,6715589548470180,6171875
0,707106781186547
0,7409511253549590,6328125
0,773010453362737
0,8032075314806450,6484375
0,831469612302545
0,8577286100002720,6640625
0,881921264348355
0,9039892931234430,6796875
0,923879532511287
0,9415440651830210,6953125
0,956940335732209
0,9700312531945440,7109375
0,98078528040323
0,9891765099647810,7265625
0,995184726672197
0,9987954562051720,7421875
1
0,9987954562051720,7578125
0,995184726672197
0,9891765099647810,7734375
0,98078528040323
0,9700312531945440,7890625
0,956940335732209
0,9415440651830210,8046875
0,923879532511287
0,9039892931234430,8203125
0,881921264348355
0,8577286100002720,8359375
0,831469612302546
0,8032075314806450,8515625
0,773010453362738
0,7409511253549590,8671875
0,707106781186548
0,6715589548470180,8828125
0,634393284163647
0,5956993044924330,8984375
0,555570233019602
0,5141027441932220,9140625
0,471396736825998
0,4275550934302830,9296875
0,382683432365091
0,3368898533922210,9453125
0,290284677254462
0,2429801799032650,9609375
0,195090322016128
0,1467304744553630,9765625
0,0980171403295606
0,04906767432741820,9921875
3,67381906146713E-16
-0,04906767432741751,0078125
-0,0980171403295599
-0,1467304744553631,0234375
-0,195090322016127
-0,2429801799032641,0390625
-0,290284677254461
-0,336889853392221,0546875
-0,38268343236509
-0,4275550934302821,0703125
-0,471396736825997
-0,5141027441932211,0859375
-0,555570233019602
-0,5956993044924331,1015625
-0,634393284163646
-0,6715589548470181,1171875
-0,707106781186548
-0,7409511253549581,1328125
-0,773010453362737
-0,8032075314806451,1484375
-0,831469612302545
-0,8577286100002721,1640625
-0,881921264348355
-0,9039892931234431,1796875
-0,923879532511286
-0,9415440651830211,1953125
-0,956940335732208
-0,9700312531945441,2109375
-0,98078528040323
-0,9891765099647811,2265625
-0,995184726672197
-0,9987954562051721,2421875
-1
-0,9987954562051721,2578125
-0,995184726672197
-0,9891765099647811,2734375
-0,980785280403231
-0,9700312531945441,2890625
-0,956940335732209
-0,9415440651830211,3046875
-0,923879532511287
-0,9039892931234431,3203125
-0,881921264348355
-0,8577286100002721,3359375
-0,831469612302546
-0,8032075314806451,3515625
-0,773010453362738
-0,740951125354961,3671875
-0,707106781186548
-0,6715589548470181,3828125
-0,634393284163645
-0,5956993044924331,3984375
-0,555570233019602
-0,5141027441932221,4140625
-0,471396736825998
-0,4275550934302831,4296875
-0,382683432365091
-0,3368898533922211,4453125
-0,290284677254464
-0,2429801799032641,4609375
-0,195090322016128
-0,1467304744553621,4765625
-0,0980171403295608
-0,04906767432741831,4921875
-4,89842541528951E-16
0,04906767432741741,5078125
0,0980171403295598
0,1467304744553611,5234375
0,195090322016127
0,2429801799032631,5390625
0,290284677254463
0,336889853392221,5546875
0,38268343236509
0,4275550934302821,5703125
0,471396736825997
0,5141027441932211,5859375
0,555570233019602
0,5956993044924331,6015625
0,634393284163645
0,6715589548470171,6171875
0,707106781186548
0,7409511253549591,6328125
0,773010453362737
0,8032075314806451,6484375
0,831469612302545
0,8577286100002721,6640625
0,881921264348355
0,9039892931234431,6796875
0,923879532511286
0,941544065183021,6953125
0,956940335732208
0,9700312531945441,7109375
0,98078528040323
0,9891765099647811,7265625
0,995184726672197
0,9987954562051721,7421875
1
0,9987954562051721,7578125
0,995184726672197
0,9891765099647811,7734375
0,980785280403231
0,9700312531945441,7890625
0,956940335732209
0,9415440651830211,8046875
0,923879532511287
0,9039892931234431,8203125
0,881921264348355
0,8577286100002721,8359375
0,831469612302546
0,8032075314806461,8515625
0,773010453362738
0,740951125354961,8671875
0,707106781186549
0,6715589548470181,8828125
0,634393284163645
0,5956993044924331,8984375
0,555570233019603
0,5141027441932221,9140625
0,471396736825998
0,4275550934302831,9296875
0,382683432365091
0,3368898533922211,9453125
0,290284677254464
0,2429801799032641,9609375
0,195090322016128
0,1467304744553621,9765625
0,0980171403295609
0,04906767432741851,9921875
6,12303176911189E-16
-0,04906767432741722,0078125
-0,0980171403295597
-0,1467304744553612,0234375
-0,195090322016127
-0,2429801799032622,0390625
-0,290284677254461
-0,336889853392222,0546875
-0,382683432365091
-0,4275550934302822,0703125
-0,471396736825996
-0,5141027441932212,0859375
-0,555570233019603
-0,5956993044924322,1015625
-0,634393284163643
-0,6715589548470172,1171875
-0,707106781186548
-0,7409511253549582,1328125
-0,773010453362737
-0,8032075314806462,1484375
-0,831469612302545
-0,8577286100002712,1640625
-0,881921264348355
-0,9039892931234442,1796875
-0,923879532511286
-0,941544065183022,1953125
-0,956940335732208
-0,9700312531945442,2109375
-0,98078528040323
-0,9891765099647812,2265625
-0,995184726672197
-0,9987954562051722,2421875
-1
-0,9987954562051722,2578125
-0,995184726672197
-0,9891765099647812,2734375
-0,980785280403231
-0,9700312531945442,2890625
-0,956940335732209
-0,9415440651830212,3046875
-0,923879532511287
-0,9039892931234432,3203125
-0,881921264348355
-0,8577286100002732,3359375
-0,831469612302546
-0,8032075314806452,3515625
-0,773010453362738
-0,7409511253549612,3671875
-0,707106781186549
-0,6715589548470182,3828125
-0,634393284163647
-0,5956993044924342,3984375
-0,555570233019601
-0,5141027441932222,4140625
-0,471396736826
-0,4275550934302832,4296875
-0,382683432365089
-0,3368898533922212,4453125
-0,290284677254466
-0,2429801799032622,4609375
-0,195090322016128
-0,1467304744553642,4765625
-0,098017140329561
-0,04906767432741682,4921875
-7,34763812293426E-16
0,04906767432741532,5078125
0,0980171403295595
0,1467304744553622,5234375
0,195090322016127
0,2429801799032612,5390625
0,290284677254461
0,336889853392222,5546875
0,382683432365088
0,4275550934302822,5703125
0,471396736825996
0,5141027441932212,5859375
0,555570233019603
0,5956993044924322,6015625
0,634393284163646
0,6715589548470172,6171875
0,707106781186548
0,7409511253549582,6328125
0,773010453362737
0,8032075314806442,6484375
0,831469612302545
0,8577286100002712,6640625
0,881921264348355
0,9039892931234442,6796875
0,923879532511286
0,9415440651830212,6953125
0,956940335732208
0,9700312531945442,7109375
0,98078528040323
0,9891765099647812,7265625
0,995184726672197
0,9987954562051722,7421875
1
0,9987954562051722,7578125
0,995184726672197
0,9891765099647812,7734375
0,98078528040323
0,9700312531945442,7890625
0,956940335732209
0,9415440651830212,8046875
0,923879532511287
0,9039892931234442,8203125
0,881921264348355
0,8577286100002722,8359375
0,831469612302546
0,8032075314806452,8515625
0,773010453362738
0,7409511253549592,8671875
0,707106781186549
0,6715589548470182,8828125
0,634393284163647
0,5956993044924342,8984375
0,555570233019604
0,5141027441932222,9140625
0,471396736825997
0,4275550934302832,9296875
0,382683432365089
0,3368898533922212,9453125
0,290284677254462
0,2429801799032662,9609375
0,195090322016128
0,1467304744553642,9765625
0,0980171403295611
0,04906767432742052,9921875
8,57224447675664E-16
-0,04906767432741883,0078125
-0,0980171403295594
-0,1467304744553623,0234375
-0,195090322016127
-0,2429801799032643,0390625
-0,290284677254461
-0,336889853392223,0546875
-0,382683432365088
-0,4275550934302823,0703125
-0,471396736825995
-0,5141027441932213,0859375
-0,555570233019603
-0,5956993044924323,1015625
-0,634393284163646
-0,6715589548470173,1171875
-0,707106781186548
-0,7409511253549583,1328125
-0,773010453362737
-0,8032075314806443,1484375
-0,831469612302545
-0,8577286100002713,1640625
-0,881921264348355
-0,9039892931234443,1796875
-0,923879532511286
-0,9415440651830213,1953125
-0,956940335732208
-0,9700312531945443,2109375
-0,98078528040323
-0,9891765099647813,2265625
-0,995184726672197
-0,9987954562051723,2421875
-1
-0,9987954562051723,2578125
-0,995184726672197
-0,9891765099647813,2734375
-0,98078528040323
-0,9700312531945443,2890625
-0,956940335732209
-0,9415440651830213,3046875
-0,923879532511287
-0,9039892931234443,3203125
-0,881921264348355
-0,8577286100002723,3359375
-0,831469612302546
-0,8032075314806453,3515625
-0,773010453362738
-0,7409511253549593,3671875
-0,707106781186549
-0,6715589548470193,3828125
-0,634393284163647
-0,5956993044924343,3984375
-0,555570233019604
-0,5141027441932233,4140625
-0,471396736825997
-0,4275550934302833,4296875
-0,382683432365089
-0,3368898533922223,4453125
-0,290284677254462
-0,2429801799032663,4609375
-0,195090322016129
-0,1467304744553643,4765625
-0,0980171403295612
-0,04906767432742063,4921875
-9,79685083057902E-16
0,04906767432741863,5078125
0,0980171403295593
0,1467304744553623,5234375
0,195090322016127
0,2429801799032643,5390625
0,29028467725446
0,336889853392223,5546875
0,382683432365088
0,4275550934302813,5703125
0,471396736825995
0,5141027441932213,5859375
0,555570233019603
0,5956993044924323,6015625
0,634393284163646
0,6715589548470173,6171875
0,707106781186547
0,7409511253549583,6328125
0,773010453362737
0,8032075314806443,6484375
0,831469612302545
0,8577286100002713,6640625
0,881921264348354
0,9039892931234443,6796875
0,923879532511286
0,9415440651830213,6953125
0,956940335732208
0,9700312531945443,7109375
0,98078528040323
0,9891765099647813,7265625
0,995184726672197
0,9987954562051723,7421875
1
0,9987954562051723,7578125
0,995184726672197
0,9891765099647813,7734375
0,98078528040323
0,9700312531945443,7890625
0,956940335732209
0,9415440651830213,8046875
0,923879532511287
0,9039892931234443,8203125
0,881921264348355
0,8577286100002723,8359375
0,831469612302546
0,8032075314806453,8515625
0,773010453362738
0,7409511253549593,8671875
0,707106781186549
0,6715589548470193,8828125
0,634393284163647
0,5956993044924343,8984375
0,555570233019604
0,5141027441932233,9140625
0,471396736825997
0,4275550934302833,9296875
0,38268343236509
0,3368898533922223,9453125
0,290284677254462
0,2429801799032663,9609375
0,195090322016129
0,1467304744553643,9765625
0,0980171403295614
0,04906767432742073,9921875
1,10214571844014E-15
0,04906767432741864,0078125
0,0980171403295593
0,1467304744553624,0234375
0,195090322016127
0,2429801799032644,0390625
0,29028467725446
0,336889853392224,0546875
0,382683432365088
0,4275550934302814,0703125
0,471396736825995
0,5141027441932214,0859375
0,555570233019603
0,5956993044924324,1015625
0,634393284163646
0,6715589548470174,1171875
0,707106781186547
0,7409511253549584,1328125
0,773010453362737
0,8032075314806444,1484375
0,831469612302545
0,8577286100002714,1640625
0,881921264348354
0,9039892931234444,1796875
0,923879532511286
0,9415440651830214,1953125
0,956940335732208
0,9700312531945444,2109375
0,98078528040323
0,9891765099647814,2265625
0,995184726672197
0,9987954562051724,2421875
1
0,9987954562051724,2578125
0,995184726672197
0,9891765099647814,2734375
0,98078528040323
0,9700312531945444,2890625
0,956940335732209
0,9415440651830214,3046875
0,923879532511287
0,9039892931234444,3203125
0,881921264348355
0,8577286100002724,3359375
0,831469612302546
0,8032075314806454,3515625
0,773010453362738
0,7409511253549594,3671875
0,707106781186549
0,6715589548470194,3828125
0,634393284163647
0,5956993044924344,3984375
0,555570233019604
0,5141027441932234,4140625
0,471396736825997
0,4275550934302834,4296875
0,38268343236509
0,3368898533922224,4453125
0,290284677254462
0,2429801799032664,4609375
0,195090322016129
0,1467304744553644,4765625
0,0980171403295614
0,04906767432742074,4921875
1,10214571844014E-15
-0,04906767432741854,5078125
-0,0980171403295592
-0,1467304744553624,5234375
-0,195090322016127
-0,2429801799032644,5390625
-0,29028467725446
-0,336889853392224,5546875
-0,382683432365088
-0,4275550934302814,5703125
-0,471396736825995
-0,5141027441932214,5859375
-0,555570233019603
-0,5956993044924324,6015625
-0,634393284163646
-0,6715589548470174,6171875
-0,707106781186547
-0,7409511253549584,6328125
-0,773010453362737
-0,8032075314806434,6484375
-0,831469612302545
-0,8577286100002714,6640625
-0,881921264348354
-0,9039892931234434,6796875
-0,923879532511286
-0,9415440651830214,6953125
-0,956940335732208
-0,9700312531945444,7109375
-0,98078528040323
-0,9891765099647814,7265625
-0,995184726672197
-0,9987954562051724,7421875
-1
-0,9987954562051724,7578125
-0,995184726672197
-0,9891765099647814,7734375
-0,98078528040323
-0,9700312531945454,7890625
-0,956940335732209
-0,9415440651830224,8046875
-0,923879532511287
-0,9039892931234444,8203125
-0,881921264348355
-0,8577286100002724,8359375
-0,831469612302546
-0,8032075314806454,8515625
-0,773010453362738
-0,7409511253549594,8671875
-0,707106781186549
-0,6715589548470194,8828125
-0,634393284163647
-0,5956993044924344,8984375
-0,555570233019605
-0,5141027441932234,9140625
-0,471396736825997
-0,4275550934302834,9296875
-0,38268343236509
-0,3368898533922224,9453125
-0,290284677254463
-0,2429801799032664,9609375
-0,195090322016129
-0,1467304744553644,9765625
-0,0980171403295615
-0,04906767432742084,9921875
-1,22460635382238E-15
0,04906767432741845,0078125
0,098017140329559
0,1467304744553625,0234375
0,195090322016126
0,2429801799032645,0390625
0,29028467725446
0,3368898533922195,0546875
0,382683432365087
0,4275550934302815,0703125
0,471396736825995
0,5141027441932215,0859375
0,5555702330196
0,5956993044924355,1015625
0,634393284163645
0,6715589548470175,1171875
0,707106781186545
0,740951125354965,1328125
0,773010453362737
0,8032075314806435,1484375
0,831469612302543
0,8577286100002725,1640625
0,881921264348354
0,9039892931234425,1796875
0,923879532511287
0,9415440651830215,1953125
0,956940335732208
0,9700312531945435,2109375
0,980785280403231
0,9891765099647815,2265625
0,995184726672197
0,9987954562051725,2421875
1
0,9987954562051735,2578125
0,995184726672197
0,9891765099647815,2734375
0,98078528040323
0,9700312531945455,2890625
0,95694033573221
0,941544065183025,3046875
0,923879532511287
0,9039892931234455,3203125
0,881921264348357
0,8577286100002725,3359375
0,831469612302546
0,8032075314806475,3515625
0,773010453362736
0,7409511253549595,3671875
0,707106781186549
0,6715589548470215,3828125
0,634393284163645
0,5956993044924345,3984375
0,555570233019605
0,5141027441932265,4140625
0,471396736825997
0,4275550934302845,4296875
0,382683432365093
0,3368898533922195,4453125
0,290284677254463
0,2429801799032665,4609375
0,195090322016132
0,1467304744553615,4765625
0,0980171403295616
0,0490676743274215,4921875
4,89978066800512E-15
-0,04906767432741835,5078125
-0,0980171403295589
-0,1467304744553585,5234375
-0,19509032201613
-0,2429801799032635,5390625
-0,29028467725446
-0,3368898533922165,5546875
-0,382683432365091
-0,4275550934302815,5703125
-0,471396736825995
-0,5141027441932245,5859375
-0,555570233019602
-0,5956993044924325,6015625
-0,634393284163643
-0,6715589548470195,6171875
-0,707106781186547
-0,7409511253549575,6328125
-0,773010453362734
-0,8032075314806455,6484375
-0,831469612302545
-0,857728610000275,6640625
-0,881921264348356
-0,9039892931234435,6796875
-0,923879532511286
-0,9415440651830195,6953125
-0,956940335732209
-0,9700312531945445,7109375
-0,98078528040323
-0,989176509964785,7265625
-0,995184726672197
-0,9987954562051725,7421875
-1
-0,9987954562051725,7578125
-0,995184726672197
-0,9891765099647815,7734375
-0,980785280403231
-0,9700312531945445,7890625
-0,956940335732209
-0,9415440651830225,8046875
-0,923879532511289
-0,9039892931234435,8203125
-0,881921264348356
-0,8577286100002745,8359375
-0,831469612302544
-0,8032075314806455,8515625
-0,773010453362738
-0,7409511253549625,8671875
-0,707106781186547
-0,6715589548470195,8828125
-0,634393284163648
-0,5956993044924375,8984375
-0,555570233019602
-0,5141027441932235,9140625
-0,471396736826001
-0,427555093430285,9296875
-0,38268343236509
-0,3368898533922225,9453125
-0,290284677254466
-0,2429801799032635,9609375
-0,195090322016129
-0,1467304744553645,9765625
-0,0980171403295653
-0,04906767432741755,9921875
-1,46952762458685E-15
0,04906767432741466,0078125
0,0980171403295623
0,1467304744553626,0234375
0,195090322016126
0,242980179903266,0390625
0,290284677254463
0,3368898533922196,0546875
0,382683432365087
0,4275550934302786,0703125
0,471396736825998
0,514102744193226,0859375
0,555570233019599
0,5956993044924356,1015625
0,634393284163645
0,6715589548470176,1171875
0,707106781186545
0,740951125354966,1328125
0,773010453362736
0,8032075314806436,1484375
0,831469612302543
0,8577286100002726,1640625
0,881921264348354
0,9039892931234426,1796875
0,923879532511287
0,9415440651830216,1953125
0,956940335732208
0,9700312531945436,2109375
0,980785280403231
0,9891765099647816,2265625
0,995184726672197
0,9987954562051726,2421875
1
0,9987954562051736,2578125
0,995184726672197
0,9891765099647816,2734375
0,980785280403231
0,9700312531945456,2890625
0,95694033573221
0,941544065183026,3046875
0,923879532511287
0,9039892931234456,3203125
0,881921264348357
0,8577286100002726,3359375
0,831469612302546
0,8032075314806476,3515625
0,773010453362736
0,7409511253549596,3671875
0,707106781186549
0,6715589548470226,3828125
0,634393284163645
0,5956993044924346,3984375
0,555570233019605
0,5141027441932266,4140625
0,471396736825998
0,4275550934302846,4296875
0,382683432365093
0,3368898533922196,4453125
0,290284677254463
0,2429801799032666,4609375
0,195090322016133
0,1467304744553616,4765625
0,0980171403295619
0,04906767432742126,4921875
-1,96072541883141E-15
-0,0490676743274186,5078125
-0,0980171403295587
-0,1467304744553586,5234375
-0,19509032201613
-0,2429801799032636,5390625
-0,29028467725446
-0,3368898533922166,5546875
-0,38268343236509
-0,4275550934302816,5703125
-0,471396736825995
-0,5141027441932236,5859375
-0,555570233019602
-0,5956993044924326,6015625
-0,634393284163642
-0,6715589548470196,6171875
-0,707106781186547
-0,7409511253549576,6328125
-0,773010453362734
-0,8032075314806456,6484375
-0,831469612302544
-0,857728610000276,6640625
-0,881921264348356
-0,9039892931234436,6796875
-0,923879532511286
-0,9415440651830196,6953125
-0,956940335732209
-0,9700312531945446,7109375
-0,98078528040323
-0,989176509964786,7265625
-0,995184726672197
-0,9987954562051726,7421875
-1
-0,9987954562051726,7578125
-0,995184726672197
-0,9891765099647816,7734375
-0,980785280403231
-0,9700312531945446,7890625
-0,956940335732209
-0,9415440651830226,8046875
-0,923879532511289
-0,9039892931234436,8203125
-0,881921264348356
-0,8577286100002746,8359375
-0,831469612302544
-0,8032075314806456,8515625
-0,773010453362738
-0,7409511253549626,8671875
-0,707106781186547
-0,6715589548470196,8828125
-0,634393284163648
-0,5956993044924376,8984375
-0,555570233019602
-0,5141027441932236,9140625
-0,471396736826001
-0,4275550934302816,9296875
-0,38268343236509
-0,3368898533922226,9453125
-0,290284677254466
-0,2429801799032636,9609375
-0,195090322016129
-0,1467304744553656,9765625
-0,0980171403295655
-0,04906767432741786,9921875
-1,71444889535133E-15
0,04906767432741447,0078125
0,0980171403295621
0,1467304744553617,0234375
0,195090322016126
0,242980179903267,0390625
0,290284677254463
0,3368898533922197,0546875
0,382683432365087
0,4275550934302787,0703125
0,471396736825998
0,514102744193227,0859375
0,555570233019599
0,5956993044924347,1015625
0,634393284163645
0,6715589548470177,1171875
0,707106781186544
0,740951125354967,1328125
0,773010453362736
0,8032075314806437,1484375
0,831469612302542
0,8577286100002727,1640625
0,881921264348354
0,9039892931234427,1796875
0,923879532511287
0,9415440651830217,1953125
0,956940335732208
0,9700312531945437,2109375
0,980785280403231
0,9891765099647817,2265625
0,995184726672197
0,9987954562051727,2421875
1
0,9987954562051737,2578125
0,995184726672197
0,9891765099647817,2734375
0,980785280403231
0,9700312531945457,2890625
0,95694033573221
0,9415440651830217,3046875
0,923879532511287
0,9039892931234457,3203125
0,881921264348357
0,8577286100002727,3359375
0,831469612302546
0,8032075314806477,3515625
0,773010453362736
0,740951125354967,3671875
0,707106781186549
0,6715589548470227,3828125
0,634393284163645
0,5956993044924347,3984375
0,555570233019605
0,5141027441932267,4140625
0,471396736825998
0,4275550934302847,4296875
0,382683432365094
0,3368898533922197,4453125
0,290284677254463
0,2429801799032677,4609375
0,195090322016133
0,1467304744553617,4765625
0,0980171403295621
0,04906767432742157,4921875
5,38962320953407E-15
-0,04906767432741787,5078125
-0,0980171403295584
-0,1467304744553587,5234375
-0,195090322016129
-0,2429801799032637,5390625
-0,29028467725446
-0,3368898533922167,5546875
-0,38268343236509
-0,4275550934302817,5703125
-0,471396736825995
-0,5141027441932237,5859375
-0,555570233019602
-0,5956993044924327,6015625
-0,634393284163642
-0,6715589548470197,6171875
-0,707106781186547
-0,7409511253549577,6328125
-0,773010453362734
-0,8032075314806457,6484375
-0,831469612302544
-0,857728610000277,6640625
-0,881921264348356
-0,9039892931234437,6796875
-0,923879532511286
-0,9415440651830197,6953125
-0,956940335732209
-0,9700312531945447,7109375
-0,98078528040323
-0,989176509964787,7265625
-0,995184726672197
-0,9987954562051727,7421875
-1
-0,9987954562051727,7578125
-0,995184726672197
-0,9891765099647817,7734375
-0,980785280403231
-0,9700312531945447,7890625
-0,956940335732209
-0,9415440651830227,8046875
-0,923879532511289
-0,9039892931234437,8203125
-0,881921264348356
-0,8577286100002747,8359375
-0,831469612302544
-0,8032075314806457,8515625
-0,773010453362739
-0,7409511253549627,8671875
-0,707106781186547
-0,6715589548470197,8828125
-0,634393284163648
-0,5956993044924377,8984375
-0,555570233019602
-0,5141027441932237,9140625
-0,471396736826001
-0,4275550934302817,9296875
-0,38268343236509
-0,3368898533922227,9453125
-0,290284677254467
-0,2429801799032637,9609375
-0,19509032201613
-0,1467304744553657,9765625
-0,0980171403295658
-0,0490676743274187,9921875
-1,9593701661158E-15
-0,04906767432741048,0078125
-0,0980171403295582
-0,1467304744553648,0234375
-0,195090322016122
-0,2429801799032638,0390625
-0,290284677254466
-0,3368898533922158,0546875
-0,38268343236509
-0,4275550934302748,0703125
-0,471396736825994
-0,5141027441932238,0859375
-0,555570233019596
-0,5956993044924318,1015625
-0,634393284163648
-0,6715589548470148,1171875
-0,707106781186547
-0,7409511253549628,1328125
-0,773010453362734
-0,8032075314806458,1484375
-0,83146961230254
-0,857728610000278,1640625
-0,881921264348356
-0,903989293123448,1796875
-0,923879532511286
-0,9415440651830228,1953125
-0,956940335732207
-0,9700312531945448,2109375
-0,980785280403231
-0,989176509964788,2265625
-0,995184726672197
-0,9987954562051728,2421875
-1
-0,9987954562051728,2578125
-0,995184726672198
-0,9891765099647818,2734375
-0,98078528040323
-0,9700312531945468,2890625
-0,956940335732209
-0,9415440651830198,3046875
-0,923879532511289
-0,9039892931234438,3203125
-0,881921264348359
-0,8577286100002748,3359375
-0,831469612302545
-0,803207531480658,3515625
-0,773010453362739
-0,7409511253549578,3671875
-0,707106781186552
-0,6715589548470198,3828125
-0,634393284163643
-0,5956993044924388,3984375
-0,555570233019602
-0,514102744193238,4140625
-0,471396736826001
-0,4275550934302818,4296875
-0,382683432365097
-0,3368898533922238,4453125
-0,29028467725446
-0,242980179903278,4609375
-0,19509032201613
-0,1467304744553588,4765625
-0,098017140329566
-0,04906767432741838,4921875
4,90113592072072E-15
0,04906767432741398,5078125
0,0980171403295616
0,1467304744553548,5234375
0,195090322016125
0,2429801799032668,5390625
0,290284677254456
0,3368898533922198,5546875
0,382683432365093
0,4275550934302778,5703125
0,471396736825997
0,5141027441932268,5859375
0,555570233019599
0,5956993044924348,6015625
0,634393284163639
0,6715589548470168,6171875
0,707106781186549
0,7409511253549548,6328125
0,773010453362736
0,8032075314806478,6484375
0,831469612302542
0,8577286100002728,6640625
0,881921264348357
0,9039892931234418,6796875
0,923879532511287
0,9415440651830188,6953125
0,956940335732208
0,9700312531945458,7109375
0,980785280403229
0,9891765099647818,7265625
0,995184726672197
0,9987954562051728,7421875
1
0,9987954562051728,7578125
0,995184726672197
0,9891765099647818,7734375
0,980785280403232
0,9700312531945458,7890625
0,956940335732208
0,9415440651830238,8046875
0,923879532511287
0,9039892931234428,8203125
0,881921264348358
0,8577286100002728,8359375
0,831469612302543
0,8032075314806488,8515625
0,773010453362737
0,7409511253549658,8671875
0,70710678118655
0,6715589548470178,8828125
0,634393284163651
0,5956993044924358,8984375
0,5555702330196
0,5141027441932278,9140625
0,471396736825998
0,4275550934302788,9296875
0,382683432365094
0,3368898533922198,9453125
0,29028467725447
0,2429801799032678,9609375
0,195090322016126
0,1467304744553698,9765625
0,0980171403295626
0,04906767432741488,9921875
5,87946575106302E-15
-0,04906767432741739,0078125
-0,098017140329565
-0,1467304744553579,0234375
-0,195090322016129
-0,2429801799032569,0390625
-0,290284677254459
-0,3368898533922229,0546875
-0,382683432365083
-0,427555093430289,0703125
-0,471396736826
-0,5141027441932179,0859375
-0,555570233019602
-0,5956993044924379,1015625
-0,634393284163642
-0,6715589548470199,1171875
-0,707106781186541
-0,7409511253549579,1328125
-0,773010453362738
-0,8032075314806419,1484375
-0,831469612302544
-0,8577286100002749,1640625
-0,881921264348352
-0,9039892931234439,1796875
-0,923879532511288
-0,9415440651830199,1953125
-0,956940335732209
-0,9700312531945429,2109375
-0,98078528040323
-0,9891765099647819,2265625
-0,995184726672196
-0,9987954562051729,2421875
-1
-0,9987954562051739,2578125
-0,995184726672197
-0,989176509964789,2734375
-0,980785280403231
-0,9700312531945449,2890625
-0,956940335732211
-0,9415440651830229,3046875
-0,923879532511286
-0,9039892931234479,3203125
-0,881921264348356
-0,8577286100002719,3359375
-0,831469612302549
-0,8032075314806469,3515625
-0,773010453362734
-0,7409511253549629,3671875
-0,707106781186547
-0,6715589548470259,3828125
-0,634393284163648
-0,5956993044924329,3984375
-0,555570233019609
-0,5141027441932249,4140625
-0,471396736825995
-0,4275550934302889,4296875
-0,382683432365091
-0,3368898533922169,4453125
-0,290284677254467
-0,2429801799032649,4609375
-0,195090322016137
-0,1467304744553659,4765625
-0,0980171403295592
-0,04906767432742569,4921875
-2,44921270764475E-15
0,04906767432742079,5078125
0,0980171403295543
0,1467304744553619,5234375
0,195090322016132
0,2429801799032599,5390625
0,290284677254462
0,3368898533922129,5546875
0,382683432365086
0,4275550934302839,5703125
0,471396736825991
0,514102744193229,5859375
0,555570233019604
0,5956993044924289,6015625
0,634393284163644
0,6715589548470219,6171875
0,707106781186544
0,7409511253549599,6328125
0,773010453362731
0,8032075314806439,6484375
0,831469612302546
0,8577286100002689,6640625
0,881921264348354
0,9039892931234449,6796875
0,923879532511284
0,941544065183029,6953125
0,95694033573221
0,9700312531945439,7109375
0,98078528040323
0,989176509964789,7265625
0,995184726672196
0,9987954562051729,7421875
1
0,9987954562051739,7578125
0,995184726672197
0,9891765099647829,7734375
0,980785280403231
0,9700312531945439,7890625
0,95694033573221
0,9415440651830219,8046875
0,92387953251129
0,9039892931234459,8203125
0,881921264348354
0,8577286100002769,8359375
0,831469612302547
0,8032075314806449,8515625
0,773010453362741
0,740951125354969,8671875
0,707106781186545
0,6715589548470229,8828125
0,634393284163646
0,5956993044924419,8984375
0,555570233019606
0,5141027441932219,9140625
0,471396736826005
0,4275550934302859,9296875
0,382683432365088
0,3368898533922269,9453125
0,290284677254464
0,242980179903269,9609375
0,195090322016134
0,1467304744553629,9765625
0,0980171403295699
0,04906767432742229,9921875
-9,81040335773509E-16
0,049067674327413610,0078125
0,0980171403295614
0,14673047445536110,0234375
0,195090322016125
0,24298017990325910,0390625
0,290284677254462
0,33688985339221810,0546875
0,382683432365086
0,42755509343027710,0703125
0,471396736825997
0,5141027441932210,0859375
0,555570233019599
0,59569930449243410,1015625
0,634393284163644
0,67155895484701610,1171875
0,707106781186544
0,74095112535495910,1328125
0,773010453362736
0,80320753148064310,1484375
0,831469612302542
0,85772861000027210,1640625
0,881921264348354
0,90398929312344110,1796875
0,923879532511284
0,9415440651830210,1953125
0,95694033573221
0,97003125319454310,2109375
0,98078528040323
0,9891765099647810,2265625
0,995184726672196
0,99879545620517210,2421875
1
0,99879545620517310,2578125
0,995184726672197
0,98917650996478210,2734375
0,980785280403231
0,97003125319454310,2890625
0,95694033573221
0,94154406518302110,3046875
0,92387953251129
0,90398929312344510,3203125
0,881921264348354
0,85772861000027610,3359375
0,831469612302547
0,80320753148064410,3515625
0,773010453362741
0,7409511253549610,3671875
0,707106781186545
0,67155895484702210,3828125
0,634393284163646
0,59569930449244110,3984375
0,555570233019606
0,51410274419322110,4140625
0,471396736826005
0,42755509343028510,4296875
0,382683432365088
0,33688985339222610,4453125
0,290284677254464
0,2429801799032610,4609375
0,195090322016134
0,14673047445536210,4765625
0,0980171403295699
0,049067674327422210,4921875
-9,81040335773509E-16
-0,0490676743274110,5078125
-0,0980171403295577
-0,14673047445536410,5234375
-0,195090322016122
-0,24298017990326210,5390625
-0,290284677254466
-0,33688985339221510,5546875
-0,382683432365089
-0,42755509343027410,5703125
-0,471396736825994
-0,51410274419322310,5859375
-0,555570233019595
-0,59569930449243110,6015625
-0,634393284163647
-0,67155895484701310,6171875
-0,707106781186546
-0,74095112535496110,6328125
-0,773010453362733
-0,80320753148064510,6484375
-0,83146961230254
-0,8577286100002710,6640625
-0,881921264348355
-0,9039892931234410,6796875
-0,923879532511286
-0,94154406518302110,6953125
-0,956940335732207
-0,97003125319454410,7109375
-0,980785280403231
-0,9891765099647810,7265625
-0,995184726672197
-0,99879545620517210,7421875
-1
-0,99879545620517210,7578125
-0,995184726672198
-0,98917650996478110,7734375
-0,98078528040323
-0,97003125319454610,7890625
-0,956940335732209
-0,9415440651830210,8046875
-0,923879532511289
-0,90398929312344410,8203125
-0,88192126434836
-0,85772861000027410,8359375
-0,831469612302545
-0,8032075314806510,8515625
-0,773010453362739
-0,74095112535495810,8671875
-0,707106781186553
-0,6715589548470210,8828125
-0,634393284163643
-0,59569930449243810,8984375
-0,555570233019603
-0,5141027441932310,9140625
-0,471396736826002
-0,42755509343028210,9296875
-0,382683432365098
-0,33688985339222310,9453125
-0,290284677254461
-0,24298017990327110,9609375
-0,19509032201613
-0,14673047445535910,9765625
-0,0980171403295665
-0,049067674327418810,9921875
-9,79956133601023E-15
0,049067674327413411,0078125
0,0980171403295611
0,14673047445535311,0234375
0,195090322016125
0,24298017990326611,0390625
0,290284677254455
0,33688985339221811,0546875
0,382683432365093
0,42755509343027711,0703125
0,471396736825997
0,51410274419322511,0859375
0,555570233019598
0,59569930449243411,1015625
0,634393284163639
0,67155895484701611,1171875
0,707106781186549
0,74095112535495411,1328125
0,773010453362736
0,80320753148064711,1484375
0,831469612302542
0,85772861000027211,1640625
0,881921264348357
0,90398929312344111,1796875
0,923879532511287
0,94154406518301811,1953125
0,956940335732208
0,97003125319454411,2109375
0,980785280403229
0,98917650996478111,2265625
0,995184726672197
0,99879545620517211,2421875
1
0,99879545620517211,2578125
0,995184726672197
0,98917650996478111,2734375
0,980785280403232
0,97003125319454511,2890625
0,956940335732208
0,94154406518302311,3046875
0,923879532511288
0,90398929312344211,3203125
0,881921264348358
0,85772861000027311,3359375
0,831469612302543
0,80320753148064811,3515625
0,773010453362737
0,74095112535496511,3671875
0,70710678118655
0,67155895484701711,3828125
0,634393284163651
0,59569930449243511,3984375
0,5555702330196
0,51410274419322711,4140625
0,471396736825999
0,42755509343027811,4296875
0,382683432365094
0,3368898533922211,4453125
0,290284677254471
0,24298017990326811,4609375
0,195090322016127
0,14673047445536911,4765625
0,0980171403295631
0,049067674327415311,4921875
6,36930829259197E-15
-0,049067674327416811,5078125
-0,0980171403295645
-0,14673047445535711,5234375
-0,195090322016128
-0,24298017990325511,5390625
-0,290284677254459
-0,33688985339222111,5546875
-0,382683432365083
-0,4275550934302811,5703125
-0,471396736826
-0,51410274419321611,5859375
-0,555570233019601
-0,59569930449243611,6015625
-0,634393284163641
-0,67155895484701811,6171875
-0,707106781186541
-0,74095112535495611,6328125
-0,773010453362738
-0,8032075314806411,6484375
-0,831469612302544
-0,85772861000027311,6640625
-0,881921264348352
-0,90398929312344311,6796875
-0,923879532511288
-0,94154406518301911,6953125
-0,956940335732209
-0,97003125319454211,7109375
-0,98078528040323
-0,98917650996478111,7265625
-0,995184726672196
-0,99879545620517211,7421875
-1
-0,99879545620517311,7578125
-0,995184726672197
-0,9891765099647811,7734375
-0,980785280403232
-0,97003125319454411,7890625
-0,956940335732211
-0,94154406518302211,8046875
-0,923879532511286
-0,90398929312344711,8203125
-0,881921264348356
-0,85772861000027111,8359375
-0,831469612302549
-0,80320753148064611,8515625
-0,773010453362735
-0,74095112535496311,8671875
-0,707106781186548
-0,67155895484702511,8828125
-0,634393284163649
-0,59569930449243211,8984375
-0,555570233019609
-0,51410274419322411,9140625
-0,471396736825996
-0,42755509343028811,9296875
-0,382683432365091
-0,33688985339221711,9453125
-0,290284677254468
-0,24298017990326411,9609375
-0,195090322016137
-0,14673047445536611,9765625
-0,0980171403295597
-0,049067674327426111,9921875
-2,93905524917371E-15
-0,049067674327423712,0078125
-0,0980171403295572
-0,14673047445536312,0234375
-0,195090322016135
-0,24298017990326212,0390625
-0,290284677254465
-0,33688985339221412,0546875
-0,382683432365089
-0,42755509343028612,0703125
-0,471396736825993
-0,51410274419322212,0859375
-0,555570233019607
-0,59569930449243112,1015625
-0,634393284163647
-0,67155895484702312,1171875
-0,707106781186546
-0,74095112535496112,1328125
-0,773010453362733
-0,80320753148064412,1484375
-0,831469612302548
-0,8577286100002712,1640625
-0,881921264348355
-0,90398929312344612,1796875
-0,923879532511285
-0,94154406518302112,1953125
-0,956940335732211
-0,97003125319454312,2109375
-0,980785280403231
-0,9891765099647812,2265625
-0,995184726672197
-0,99879545620517312,2421875
-1
-0,99879545620517212,2578125
-0,995184726672196
-0,98917650996478112,2734375
-0,98078528040323
-0,97003125319454212,2890625
-0,95694033573221
-0,9415440651830212,3046875
-0,923879532511289
-0,90398929312344412,3203125
-0,881921264348353
-0,85772861000027512,3359375
-0,831469612302545
-0,80320753148064212,3515625
-0,773010453362739
-0,74095112535495812,3671875
-0,707106781186543
-0,6715589548470212,3828125
-0,634393284163643
-0,59569930449243812,3984375
-0,555570233019603
-0,51410274419321812,4140625
-0,471396736826002
-0,42755509343028212,4296875
-0,382683432365085
-0,33688985339222412,4453125
-0,290284677254461
-0,24298017990325812,4609375
-0,195090322016131
-0,14673047445535912,4765625
-0,098017140329567
-0,049067674327419312,4921875
3,92145083766282E-15
0,049067674327412912,5078125
0,0980171403295606
0,14673047445536712,5234375
0,195090322016124
0,24298017990326512,5390625
0,290284677254469
0,33688985339221812,5546875
0,382683432365092
0,42755509343027612,5703125
0,471396736825996
0,51410274419322512,5859375
0,555570233019598
0,59569930449243312,6015625
0,634393284163649
0,67155895484701512,6171875
0,707106781186548
0,74095112535496312,6328125
0,773010453362735
0,80320753148064612,6484375
0,831469612302542
0,85772861000027112,6640625
0,881921264348357
0,90398929312344112,6796875
0,923879532511287
0,94154406518302212,6953125
0,956940335732208
0,97003125319454412,7109375
0,980785280403232
0,98917650996478112,7265625
0,995184726672197
0,99879545620517212,7421875
1
0,99879545620517212,7578125
0,995184726672197
0,98917650996478112,7734375
0,980785280403229
0,97003125319454512,7890625
0,956940335732209
0,94154406518301912,8046875
0,923879532511288
0,90398929312344212,8203125
0,881921264348358
0,85772861000027312,8359375
0,831469612302543
0,80320753148064812,8515625
0,773010453362737
0,74095112535495612,8671875
0,70710678118655
0,67155895484701812,8828125
0,634393284163641
0,59569930449243612,8984375
0,5555702330196
0,51410274419322812,9140625
0,471396736825999
0,42755509343027912,9296875
0,382683432365095
0,3368898533922212,9453125
0,290284677254458
0,24298017990326812,9609375
0,195090322016127
0,14673047445535612,9765625
0,0980171403295636
0,049067674327415812,9921875
-7,35170388108108E-15
-0,049067674327416313,0078125
-0,098017140329564
-0,14673047445535613,0234375
-0,195090322016128
-0,24298017990326813,0390625
-0,290284677254458
-0,33688985339222113,0546875
-0,382683432365095
-0,42755509343027913,0703125
-0,471396736826
-0,51410274419322813,0859375
-0,555570233019601
-0,59569930449243613,1015625
-0,634393284163641
-0,67155895484701813,1171875
-0,707106781186551
-0,74095112535495613,1328125
-0,773010453362737
-0,80320753148064913,1484375
-0,831469612302543
-0,85772861000027313,1640625
-0,881921264348358
-0,90398929312344313,1796875
-0,923879532511288
-0,94154406518301913,1953125
-0,956940335732209
-0,97003125319454513,2109375
-0,98078528040323
-0,98917650996478113,2265625
-0,995184726672197
-0,99879545620517213,2421875
-1
-0,99879545620517213,2578125
-0,995184726672197
-0,9891765099647813,2734375
-0,980785280403232
-0,97003125319454413,2890625
-0,956940335732208
-0,94154406518302213,3046875
-0,923879532511287
-0,90398929312344113,3203125
-0,881921264348357
-0,85772861000027113,3359375
-0,831469612302541
-0,80320753148064613,3515625
-0,773010453362735
-0,74095112535496313,3671875
-0,707106781186548
-0,67155895484701513,3828125
-0,634393284163649
-0,59569930449243313,3984375
-0,555570233019598
-0,51410274419322513,4140625
-0,471396736825996
-0,42755509343027613,4296875
-0,382683432365092
-0,33688985339221713,4453125
-0,290284677254468
-0,24298017990326513,4609375
-0,195090322016124
-0,14673047445536613,4765625
-0,0980171403295601
-0,049067674327412413,4921875
-3,42889779070266E-15
0,049067674327419713,5078125
0,0980171403295675
0,1467304744553613,5234375
0,195090322016131
0,24298017990325813,5390625
0,290284677254462
0,33688985339222413,5546875
0,382683432365085
0,42755509343028213,5703125
0,471396736826003
0,51410274419321913,5859375
0,555570233019604
0,59569930449243913,6015625
0,634393284163644
0,67155895484702113,6171875
0,707106781186543
0,74095112535495813,6328125
0,77301045336274
0,80320753148064213,6484375
0,831469612302545
0,85772861000027513,6640625
0,881921264348353
0,90398929312344413,6796875
0,923879532511289
0,9415440651830213,6953125
0,95694033573221
0,97003125319454313,7109375
0,98078528040323
0,98917650996478213,7265625
0,995184726672196
0,99879545620517213,7421875
1
0,99879545620517313,7578125
0,995184726672197
0,9891765099647813,7734375
0,980785280403231
0,97003125319454313,7890625
0,956940335732211
0,94154406518302113,8046875
0,923879532511285
0,90398929312344513,8203125
0,881921264348355
0,85772861000026913,8359375
0,831469612302547
0,80320753148064413,8515625
0,773010453362733
0,74095112535496113,8671875
0,707106781186546
0,67155895484702313,8828125
0,634393284163646
0,5956993044924313,8984375
0,555570233019606
0,51410274419322213,9140625
0,471396736825993
0,42755509343028613,9296875
0,382683432365089
0,33688985339221413,9453125
0,290284677254465
0,24298017990326113,9609375
0,195090322016135
0,14673047445536313,9765625
0,0980171403295567
0,049067674327423213,9921875
-1,35525271560688E-18
0,049067674327419714,0078125
0,0980171403295533
0,1467304744553614,0234375
0,195090322016131
0,24298017990325814,0390625
0,290284677254462
0,33688985339221114,0546875
0,382683432365085
0,42755509343028214,0703125
0,47139673682599
0,51410274419321914,0859375
0,555570233019604
0,59569930449242714,1015625
0,634393284163644
0,67155895484702114,1171875
0,707106781186543
0,74095112535495814,1328125
0,773010453362731
0,80320753148064214,1484375
0,831469612302545
0,85772861000026814,1640625
0,881921264348353
0,90398929312344414,1796875
0,923879532511284
0,9415440651830214,1953125
0,95694033573221
0,97003125319454314,2109375
0,98078528040323
0,98917650996477914,2265625
0,995184726672196
0,99879545620517214,2421875
1
0,99879545620517314,2578125
0,995184726672197
0,98917650996478214,2734375
0,980785280403231
0,97003125319454314,2890625
0,956940335732211
0,94154406518302114,3046875
0,923879532511291
0,90398929312344514,3203125
0,881921264348355
0,85772861000027714,3359375
0,831469612302547
0,80320753148064414,3515625
0,773010453362742
0,74095112535496114,3671875
0,707106781186546
0,67155895484702314,3828125
0,634393284163646
0,59569930449244214,3984375
0,555570233019606
0,51410274419322214,4140625
0,471396736826006
0,42755509343028614,4296875
0,382683432365089
0,33688985339222714,4453125
0,290284677254465
0,24298017990326114,4609375
0,195090322016135
0,14673047445536314,4765625
0,0980171403295709
0,049067674327423214,4921875
-1,35525271560688E-18
-0,04906767432740914,5078125
-0,0980171403295567
-0,14673047445536314,5234375
-0,195090322016121
-0,24298017990326114,5390625
-0,290284677254465
-0,33688985339221414,5546875
-0,382683432365089
-0,42755509343027314,5703125
-0,471396736825993
-0,51410274419322214,5859375
-0,555570233019595
-0,5956993044924314,6015625
-0,634393284163646
-0,67155895484701314,6171875
-0,707106781186546
-0,74095112535496114,6328125
-0,773010453362733
-0,80320753148064414,6484375
-0,831469612302539
-0,85772861000026914,6640625
-0,881921264348355
-0,90398929312343914,6796875
-0,923879532511285
-0,94154406518302114,6953125
-0,956940335732207
-0,97003125319454314,7109375
-0,980785280403231
-0,9891765099647814,7265625
-0,995184726672197
-0,99879545620517214,7421875
-1
-0,99879545620517214,7578125
-0,995184726672198
-0,98917650996478214,7734375
-0,98078528040323
-0,97003125319454614,7890625
-0,95694033573221
-0,9415440651830214,8046875
-0,923879532511289
-0,90398929312344414,8203125
-0,88192126434836
-0,85772861000027514,8359375
-0,831469612302545
-0,8032075314806514,8515625
-0,77301045336274
-0,74095112535495814,8671875
-0,707106781186553
-0,67155895484702114,8828125
-0,634393284163644
-0,59569930449243914,8984375
-0,555570233019604
-0,51410274419323114,9140625
-0,471396736826003
-0,42755509343028214,9296875
-0,382683432365099
-0,33688985339222414,9453125
-0,290284677254462
-0,24298017990327214,9609375
-0,195090322016131
-0,1467304744553614,9765625
-0,0980171403295675
-0,049067674327419714,9921875
-1,07792464190681E-14
0,049067674327412415,0078125
0,0980171403295601
0,14673047445535215,0234375
0,195090322016124
0,24298017990326515,0390625
0,290284677254455
0,33688985339221715,0546875
0,382683432365092
0,42755509343027615,0703125
0,471396736825996
0,51410274419322515,0859375
0,555570233019598
0,59569930449243315,1015625
0,634393284163638
0,67155895484701515,1171875
0,707106781186548
0,74095112535495415,1328125
0,773010453362735
0,80320753148064615,1484375
0,831469612302541
0,85772861000027115,1640625
0,881921264348357
0,90398929312344115,1796875
0,923879532511287
0,94154406518301715,1953125
0,956940335732208
0,97003125319454415,2109375
0,980785280403229
0,9891765099647815,2265625
0,995184726672197
0,99879545620517215,2421875
1
0,99879545620517215,2578125
0,995184726672197
0,98917650996478115,2734375
0,980785280403232
0,97003125319454515,2890625
0,956940335732209
0,94154406518302415,3046875
0,923879532511288
0,90398929312344315,3203125
0,881921264348358
0,85772861000027315,3359375
0,831469612302543
0,80320753148064815,3515625
0,773010453362737
0,74095112535496615,3671875
0,707106781186551
0,67155895484701815,3828125
0,634393284163652
0,59569930449243615,3984375
0,555570233019601
0,51410274419322815,4140625
0,471396736826
0,42755509343027915,4296875
0,382683432365095
0,33688985339222115,4453125
0,290284677254472
0,24298017990326815,4609375
0,195090322016128
0,1467304744553715,4765625
0,098017140329564
0,049067674327416315,4921875
7,34899337564987E-15
-0,049067674327415815,5078125
-0,0980171403295636
-0,14673047445535615,5234375
-0,195090322016127
-0,24298017990325415,5390625
-0,290284677254458
-0,3368898533922215,5546875
-0,382683432365082
-0,42755509343027915,5703125
-0,471396736825999
-0,51410274419321515,5859375
-0,5555702330196
-0,59569930449243615,6015625
-0,634393284163641
-0,67155895484701815,6171875
-0,70710678118654
-0,74095112535495615,6328125
-0,773010453362737
-0,8032075314806415,6484375
-0,831469612302543
-0,85772861000027315,6640625
-0,881921264348352
-0,90398929312344215,6796875
-0,923879532511288
-0,94154406518301915,6953125
-0,956940335732209
-0,97003125319454215,7109375
-0,980785280403229
-0,98917650996478115,7265625
-0,995184726672196
-0,99879545620517215,7421875
-1
-0,99879545620517315,7578125
-0,995184726672197
-0,98917650996478115,7734375
-0,980785280403232
-0,97003125319454415,7890625
-0,956940335732212
-0,94154406518302215,8046875
-0,923879532511287
-0,90398929312344715,8203125
-0,881921264348357
-0,85772861000027115,8359375
-0,831469612302549
-0,80320753148064615,8515625
-0,773010453362735
-0,74095112535496315,8671875
-0,707106781186548
-0,67155895484702615,8828125
-0,634393284163649
-0,59569930449243315,8984375
-0,55557023301961
-0,51410274419322515,9140625
-0,471396736825996
-0,42755509343028915,9296875
-0,382683432365092
-0,33688985339221815,9453125
-0,290284677254469
-0,24298017990326515,9609375
-0,195090322016138
-0,14673047445536715,9765625
-0,0980171403295606
-0,049067674327427115,9921875