100
0 0
1 0,30246
2 0,2719281
3 -0,1172251
4 -0,8466356
5 -1,854717
6 -3,041522
7 -4,277318
8 -5,414211
9 -6,299847
10 -6,79207
11 -6,773294
12 -6,163331
13 -4,929545
14 -3,093361
15 -0,7324431
16 2,021814
17 4,99148
18 7,963569
19 10,70509
20 12,98057
21 14,57087
22 15,29167
23 15,01041
24 13,66009
25 11,24878
26 7,863961
27 3,67103
28 -1,094101
29 -6,138109
30 -11,1283
31 -15,71453
32 -19,55346
33 -22,33362
34 -23,79942
35 -23,77225
36 -22,16714
37 -19,0036
38 -14,40944
39 -8,617219
40 -1,953182
41 5,180899
42 12,33189
43 19,02408
44 24,79073
45 29,20629
46 31,91714
47 32,66856
48 31,32608
49 27,88936
50 22,49757
51 15,42546
52 7,070131
53 -2,070977
54 -11,42958
55 -20,40189
56 -28,38754
57 -34,82959
58 -39,25303
59 -41,29899
60 -40,75242
61 -37,56099
62 -31,84388
63 -23,88933
64 -14,14108
65 -3,17392
66 8,339984
67 19,6723
68 30,08459
69 38,87637
70 45,43201
71 49,26341
72 50,04546
73 47,64175
74 42,11862
75 33,74635
76 22,98696
77 10,46923
78 -3,047853
79 -16,72105
80 -29,67548
81 -41,06054
82 -50,10573
83 -56,17244
84 -58,79857
85 -57,7326
86 -52,95485
87 -44,68415
88 -33,36922
89 -19,66494
90 -4,394659
91 11,49907
92 27,01271
93 41,14511
94 52,96201
95 61,65773
96 66,60969
97 67,42236
98 63,95741
99 56,34788
